95
0.90804219 0.63004520 0.14166348 0.71801748
0.77953931 0.09130783 0.11175567 0.99389496
0.67486966 0.05340048 0.01026863 0.50226237
0.80342033 0.84615835 0.13832600 0.69922714
0.53410117 0.62548172 0.14608267 0.04545811
0.24458296 0.65506968 0.10756882 0.85487320
0.46825904 0.22123717 0.22066969 0.51361532
0.76212050 0.78618522 0.11001222 0.92260184
0.12077550 0.42200024 0.06200898 0.35344510
0.57926825 0.50205859 0.21817745 0.24397796
0.85799955 0.41101031 0.12102581 0.49886569
0.38714452 0.40984429 0.04961067 0.20957294
0.45777422 0.00175897 0.05133483 0.33283850
0.61199488 0.44622038 0.01249714 0.40620414
0.77572093 0.69340337 0.09040702 0.77396927
0.95272982 0.47756561 0.17308993 0.28652944
0.02378229 0.51408129 0.10378663 0.13865244
0.33411401 0.57277125 0.18952065 0.73841503
0.93916463 0.28927568 0.02189592 0.36707140
0.66033749 0.39785264 0.19263434 0.57427929
0.22001585 0.79905117 0.17037873 0.21304720
0.73382892 0.81883517 0.08880008 0.84059119
0.23246731 0.86028585 0.22048261 0.11500198
0.16186052 0.17482844 0.09542611 0.01070369
0.65539058 0.79535490 0.06068052 0.24996317
0.43487109 0.93903839 0.04852546 0.24234560
0.35299533 0.66439616 0.03645545 0.09060382
0.46161049 0.17420022 0.17772869 0.19213652
0.03290212 0.64193787 0.12451577 0.21984248
0.90673121 0.12523521 0.00300171 0.93679226
0.08401863 0.97031818 0.07575582 0.31633113
0.34664390 0.33990934 0.00605843 0.17105672
0.66982325 0.59765311 0.17964018 0.98614937
0.71298973 0.78355052 0.11547961 0.52145602
0.34302872 0.00617743 0.16208458 0.25837448
0.10771303 0.82594706 0.19727817 0.07671076
0.05973839 0.59731012 0.12996194 0.58241592
0.90868807 0.99168682 0.03527310 0.45466690
0.64620097 0.70921706 0.05665802 0.91196761
0.47173378 0.30466863 0.17936305 0.06768189
0.53529566 0.47641061 0.00783032 0.96216728
0.30076288 0.76006472 0.16952848 0.40771377
0.28061419 0.08120449 0.14352532 0.70949231
0.64212470 0.34044684 0.18112038 0.00743205
0.18255158 0.00555536 0.03679654 0.81540265
0.96215141 0.01047358 0.10256834 0.02535181
0.18181701 0.99654558 0.11117366 0.32265702
0.57084477 0.15243969 0.01422098 0.14214615
0.32060858 0.03080254 0.14128116 0.57183197
0.39925989 0.52705636 0.03960148 0.14409993
0.91840416 0.80928244 0.02697369 0.23770622
0.27611576 0.80946817 0.18651806 0.05635245
0.82205237 0.81580534 0.03955956 0.35255301
0.35574222 0.60810367 0.05869356 0.77326608
0.26781804 0.89625832 0.00965456 0.30678057
0.78672865 0.25896322 0.12893914 0.40465802
0.92801698 0.84234292 0.19038329 0.33334659
0.79778830 0.31318946 0.08574273 0.32734776
0.61943920 0.56591025 0.02935575 0.05751490
0.41514268 0.70289910 0.17199664 0.19635085
0.08921094 0.27409092 0.12709365 0.28362897
0.59520442 0.05288385 0.13441501 0.66262914
0.37739103 0.90048228 0.02980367 0.99924423
0.43647949 0.43955516 0.12239026 0.57914865
0.41554137 0.74243508 0.02535935 0.71088044
0.63800865 0.72142701 0.03667274 0.27078353
0.52210068 0.04302901 0.18163316 0.86380702
0.66172982 0.27770166 0.06938366 0.78119069
0.29361985 0.26580289 0.19575006 0.40263222
0.27101380 0.92328674 0.00899209 0.82491308
0.21970805 0.92039347 0.00488885 0.91587675
0.39039030 0.57640748 0.20824611 0.34843019
0.36540543 0.88896110 0.09510771 0.12072450
0.36382298 0.91285263 0.22030051 0.42956463
0.21766386 0.45552573 0.19865395 0.96432354
0.62963417 0.43701719 0.01549435 0.25848713
0.85320512 0.56642035 0.16024557 0.80228259
0.32781460 0.29943244 0.02864991 0.34481310
0.51116469 0.79194863 0.12894302 0.44568765
0.06777837 0.98633045 0.21552963 0.26686555
0.07093504 0.57920009 0.13255590 0.32413648
0.25956661 0.51944171 0.14889773 0.15848073
0.97132298 0.53664612 0.11057832 0.48407909
0.15398344 0.82553284 0.08216456 0.42403293
0.16173812 0.73056668 0.13731251 0.97215084
0.39064897 0.74290278 0.20485121 0.23668441
0.76759553 0.56828857 0.17329275 0.14774166
0.77234337 0.56379111 0.05694343 0.67274104
0.59828640 0.47566602 0.05561987 0.32037408
0.51956626 0.32837698 0.04360025 0.69934948
0.08661521 0.73336393 0.17242739 0.09259998
0.39509915 0.59397581 0.00484790 0.75421635
0.04676368 0.51510800 0.11048714 0.84802411
0.37993706 0.96356133 0.18343976 0.37074112
0.15658247 0.20578780 0.21099209 0.59482464
