242
0.44923540 0.25778304 0.08292752 0.79932833
0.91542148 0.10852159 0.07739300 0.58818351
0.29950833 0.90998838 0.05282257 0.63900274
0.78187513 0.38447064 0.06977666 0.00991381
0.20324191 0.65028543 0.09606438 0.26714976
0.26147676 0.92834380 0.06866708 0.08145539
0.26146085 0.97496898 0.04422013 0.61334079
0.20195480 0.25022371 0.09507460 0.01622176
0.77097045 0.63961572 0.03154835 0.59078522
0.49189225 0.27253311 0.01107282 0.21764848
0.68430104 0.51830958 0.00846503 0.42875204
0.03299122 0.52603773 0.01844262 0.70498036
0.70213751 0.41661044 0.08989980 0.20501660
0.00589214 0.26494600 0.01678109 0.80263846
0.51820578 0.06230692 0.07463995 0.51796910
0.05992609 0.30531633 0.07410412 0.40347555
0.09195284 0.16074786 0.06766109 0.08308985
0.34229642 0.07691058 0.04435415 0.83004665
0.77857662 0.67369549 0.05702455 0.58914005
0.60730569 0.69304225 0.06746727 0.27548771
0.49441163 0.89466938 0.08298737 0.05122162
0.50110411 0.29753657 0.08715428 0.97634470
0.20953428 0.21134131 0.02267895 0.07470508
0.27971470 0.74283940 0.06937267 0.85121710
0.27156774 0.31962633 0.08486116 0.43626681
0.13855019 0.50755234 0.02342834 0.81802484
0.94912466 0.62289910 0.04807630 0.18873442
0.03522989 0.64604180 0.03086284 0.93079072
0.05003462 0.31779168 0.06837641 0.32653254
0.92958188 0.44975610 0.05251682 0.11880195
0.49581980 0.43195557 0.06507536 0.52425944
0.36577393 0.47455219 0.07253740 0.07213926
0.67325749 0.88087463 0.09479855 0.09456258
0.58766467 0.74624557 0.06015386 0.36479698
0.38020035 0.80984910 0.03606990 0.36123155
0.25314715 0.18918751 0.01714756 0.12724427
0.49275417 0.61896850 0.03065628 0.01987552
0.15206888 0.13005844 0.03683219 0.34206392
0.88408378 0.71723588 0.00524694 0.05299327
0.72949331 0.51528383 0.08319176 0.19881199
0.87361000 0.85112073 0.02983267 0.86848860
0.13735578 0.25668593 0.06376982 0.18148583
0.45077386 0.81110456 0.09683699 0.59950127
0.23910519 0.57094593 0.02625073 0.93308731
0.43925496 0.01810435 0.05621744 0.18245583
0.66678297 0.73148473 0.00209109 0.96959758
0.35380656 0.05541744 0.04065488 0.36655601
0.11196760 0.54951292 0.00835551 0.68925124
0.29991053 0.57742193 0.08502209 0.28716851
0.08405157 0.16625672 0.09347864 0.41318287
0.60689212 0.95117564 0.08935593 0.98005705
0.10273831 0.15840796 0.06542245 0.07780794
0.15438903 0.28278897 0.03953925 0.66045033
0.98786583 0.49909687 0.08447010 0.06243652
0.41619332 0.40393897 0.00740932 0.47785815
0.13330683 0.23750276 0.09414053 0.05536945
0.11577078 0.26649315 0.01221507 0.44453686
0.75088520 0.92827384 0.06445152 0.54462003
0.47330337 0.25464455 0.09267421 0.60274389
0.96590311 0.09021781 0.09587698 0.96144998
0.62039913 0.19227330 0.01542828 0.62955352
0.88242214 0.87382330 0.02212051 0.13819566
0.95825768 0.66960734 0.04197327 0.39789848
0.56270149 0.06983180 0.01495115 0.70344833
0.54671319 0.79226694 0.07083573 0.24135901
0.07374020 0.06788039 0.09485359 0.06954795
0.51966057 0.99060670 0.09057181 0.13380257
0.05069128 0.16878898 0.01097829 0.53943204
0.89674100 0.23947715 0.05222502 0.64467559
0.61928300 0.51446314 0.06452385 0.28277305
0.37450796 0.36862361 0.09347302 0.72162868
0.33164073 0.64720371 0.06905586 0.44858237
0.02887593 0.62503547 0.01887249 0.98938238
0.78709086 0.23371558 0.01834704 0.57491146
0.28156287 0.48748613 0.01782682 0.55988540
0.50063126 0.39909267 0.02948461 0.77177208
0.46618987 0.88608399 0.00464477 0.44600681
0.23255927 0.13872361 0.05306640 0.31419985
0.88665329 0.26385544 0.01515258 0.99622378
0.28658173 0.21594234 0.05274584 0.01377248
0.78687510 0.18313052 0.03789864 0.73539732
0.97030165 0.51876121 0.03150172 0.45503201
0.85763620 0.65699671 0.08054514 0.40669897
0.26844535 0.68190664 0.01530984 0.81223821
0.70463705 0.10924184 0.07785243 0.76845228
0.76184862 0.52103261 0.03412707 0.64230076
0.45865308 0.16609340 0.07587506 0.80490066
0.68478243 0.45356820 0.04153947 0.65861797
0.76406279 0.89244825 0.03243604 0.48386394
0.60915605 0.30180111 0.00173245 0.81879069
0.00623124 0.89062820 0.08930412 0.73651508
0.61336968 0.36191301 0.04215500 0.85171668
0.84710252 0.78748260 0.03323394 0.24945367
0.02542990 0.18384965 0.02928742 0.53601061
0.52619253 0.80576627 0.02106639 0.43801685
0.82658792 0.69040102 0.08648628 0.56580676
0.42767800 0.58732627 0.06588477 0.54527881
0.64493264 0.35808783 0.06443742 0.10422189
0.92885057 0.18530691 0.04784297 0.29174070
0.47827211 0.32390106 0.06187627 0.44848141
0.45914914 0.16720750 0.08044234 0.62359570
0.07221605 0.63951346 0.02834582 0.08407939
0.33739346 0.12303111 0.04597804 0.36184567
0.33806482 0.39257211 0.02319174 0.53003916
0.36884343 0.23649364 0.07326469 0.17981361
0.02404872 0.73458009 0.04600333 0.40276963
0.16141986 0.64748994 0.08311366 0.02558902
0.12382139 0.61575055 0.07974292 0.60172283
0.19046018 0.80573509 0.05521426 0.22806573
0.17279088 0.23226172 0.05344396 0.39645465
0.60947698 0.09990414 0.07407715 0.61058239
0.60824462 0.41267610 0.03182989 0.77534495
0.54643723 0.83347702 0.05037637 0.20717806
0.73943036 0.29976594 0.03257349 0.59376128
0.42361770 0.00840283 0.07771880 0.29685251
0.28069116 0.64789662 0.09430003 0.23550024
0.63240044 0.80409174 0.07236851 0.40305200
0.42530571 0.25514159 0.05631805 0.08766788
0.99857598 0.01402452 0.03342299 0.24112164
0.95162385 0.10045258 0.04740670 0.68164271
0.00172097 0.07418652 0.07438424 0.15732385
0.37011409 0.63355908 0.03503301 0.51039984
0.09795097 0.44570387 0.05362235 0.67371457
0.21455380 0.60793613 0.03834746 0.32172247
0.28115379 0.61696069 0.08361229 0.66073141
0.61147820 0.91149339 0.02813328 0.92934482
0.84494221 0.08472728 0.02113399 0.42942234
0.35656876 0.15021302 0.04580773 0.86294909
0.24272061 0.06204101 0.06288344 0.43806046
0.11057720 0.49162032 0.08815405 0.56492832
0.05350434 0.83778380 0.08065132 0.44832501
0.84581442 0.70207900 0.07074264 0.59997165
0.37212215 0.61410326 0.04100556 0.36248029
0.42023977 0.52784245 0.05326632 0.52444970
0.15945515 0.93132958 0.01830855 0.11697648
0.12768297 0.75668269 0.07529736 0.96591544
0.34622406 0.46585843 0.01691559 0.36639879
0.62454617 0.16899357 0.07925831 0.42427670
0.90611800 0.06476862 0.01398830 0.91936453
0.99113189 0.18272448 0.04985832 0.71565044
0.66312938 0.86643675 0.03103329 0.47691161
0.52290259 0.09287536 0.07666970 0.30729088
0.81654134 0.52462204 0.02753482 0.13996659
0.52227575 0.46016984 0.06672236 0.27772471
0.75407525 0.20864377 0.01459061 0.55759517
0.58933587 0.30324922 0.07710555 0.98853205
0.22631210 0.33108832 0.07682370 0.51047871
0.46761403 0.54148119 0.09194215 0.49542601
0.48433552 0.60524810 0.05871659 0.81415031
0.01254693 0.03866297 0.01936903 0.79403951
0.18882333 0.32505911 0.01818067 0.15981010
0.74187380 0.21813940 0.02804966 0.83822199
0.76991794 0.39487004 0.08350019 0.19091360
0.41737420 0.03338042 0.01691384 0.93831454
0.57055107 0.80669791 0.02849842 0.87922123
0.25153670 0.88888343 0.05750918 0.27728642
0.64596447 0.42919032 0.06359892 0.38068673
0.81628159 0.23917591 0.07987371 0.90803016
0.91539898 0.03628084 0.05381056 0.86015059
0.56349409 0.82826364 0.08750216 0.45655015
0.84091036 0.72518034 0.05064261 0.23376524
0.24101558 0.64633477 0.04212569 0.74597945
0.86232293 0.86322770 0.08390512 0.59090501
0.22508410 0.16993814 0.07771931 0.92840480
0.90006317 0.92930233 0.00240405 0.64552790
0.71366738 0.74390565 0.02285187 0.60163864
0.97563921 0.80622535 0.02783027 0.98816816
0.92806271 0.75954782 0.01227864 0.68617993
0.18985802 0.10179258 0.06743361 0.01469470
0.86545866 0.07266313 0.06952924 0.59312642
0.48899150 0.31837013 0.04012021 0.17619224
0.29601738 0.93598239 0.08763532 0.30425181
0.28817452 0.35271689 0.06182615 0.30789143
0.03254437 0.19919499 0.07490895 0.83461357
0.27287477 0.27649979 0.04254460 0.49542719
0.29535671 0.42789565 0.07060863 0.48003602
0.72207921 0.58886537 0.05070310 0.14388406
0.54505092 0.72586733 0.07854099 0.47089179
0.26827879 0.88863818 0.00288671 0.37803098
0.58514237 0.30465699 0.00894678 0.01927794
0.61335997 0.11981755 0.03858290 0.79347894
0.29434735 0.22155795 0.04276375 0.49108989
0.97567614 0.32234583 0.08660471 0.47946867
0.72708446 0.05309845 0.00080511 0.32513977
0.51006899 0.90689298 0.04364070 0.37343709
0.47214248 0.25935016 0.03981181 0.95875967
0.00237001 0.05163635 0.08408338 0.91371782
0.19129709 0.17025460 0.04890853 0.36958074
0.93618377 0.18233324 0.00480711 0.25049718
0.51998530 0.90570823 0.08823316 0.23631579
0.21135859 0.19217650 0.05710366 0.53567197
0.54975964 0.33076281 0.00778417 0.47241304
0.49723436 0.88649276 0.03433830 0.24885050
0.34998848 0.09850356 0.04918013 0.62127606
0.70713915 0.19864996 0.07146462 0.68831555
0.47701697 0.90707648 0.02231783 0.21720790
0.28368753 0.06466418 0.04270825 0.97731128
0.43095436 0.96181542 0.02013061 0.09281460
0.54805270 0.00316752 0.09008171 0.96066575
0.53009565 0.83300237 0.09496878 0.34971971
0.38860037 0.12265826 0.04312039 0.23601639
0.74446373 0.37887257 0.08841712 0.64243642
0.83706910 0.41199348 0.02389636 0.18148130
0.89170090 0.03427571 0.08347258 0.61007608
0.44917885 0.27347478 0.03765524 0.82485213
0.17153741 0.95446568 0.00315412 0.26379625
0.54380741 0.52036332 0.09207086 0.84896088
0.45941323 0.67796086 0.03798532 0.64086429
0.75192164 0.50753810 0.02067953 0.83170584
0.29800110 0.90129334 0.09019543 0.08845233
0.99236524 0.52041647 0.06139421 0.85940623
0.36716225 0.36973509 0.09708956 0.24446718
0.04663415 0.73852585 0.08011678 0.24586899
0.05171703 0.00052186 0.08306440 0.61536369
0.19980293 0.81326784 0.04660260 0.39924567
0.41996415 0.67303459 0.02509464 0.28630697
0.31777999 0.58361129 0.02358875 0.28815934
0.05682208 0.10409460 0.02742920 0.54015659
0.78708833 0.08431703 0.04140075 0.82892657
0.60914716 0.51835894 0.07984343 0.96797361
0.01496598 0.81737277 0.07735141 0.32115335
0.60505105 0.07144248 0.04487683 0.19524819
0.92980476 0.62788546 0.08170923 0.66693398
0.25256281 0.06612793 0.07551158 0.27605414
0.49168806 0.79760624 0.01308994 0.47609440
0.30074928 0.67362691 0.05538685 0.89206851
0.31597432 0.54018269 0.01362639 0.47170324
0.69108443 0.19484059 0.07588324 0.94378527
0.86767984 0.32656243 0.04720420 0.75885487
0.57089514 0.50096378 0.09556779 0.35940294
0.99958555 0.35359113 0.08268782 0.98008243
0.76214210 0.56133556 0.02867003 0.34798652
0.44948396 0.68318842 0.02420789 0.80552492
0.52555191 0.55523870 0.02292694 0.75461379
0.21969978 0.35057291 0.03116444 0.33849192
0.09278174 0.84665918 0.07258760 0.17399100
0.16055997 0.79267466 0.07620420 0.05509288
0.64659241 0.79638669 0.02218179 0.10710207
0.18640719 0.24188816 0.09175835 0.55915550
0.13698916 0.29527220 0.06639293 0.13484366
0.24999814 0.76585139 0.07971112 0.18595932
0.13622311 0.94709816 0.01487492 0.31617382
