392
0.58564167 0.20013747 0.06115683 0.06893140
0.42679344 0.50823709 0.04294123 0.51310841
0.83321329 0.22000937 0.02199126 0.70916322
0.20610981 0.90548230 0.03239351 0.86673115
0.52010969 0.17502148 0.01992746 0.63561046
0.45835656 0.89188348 0.02261853 0.40690977
0.32801125 0.94932375 0.02026635 0.86375844
0.68148922 0.06483327 0.01539847 0.21601272
0.88627128 0.68785880 0.04708009 0.99511086
0.63493316 0.43606475 0.01338808 0.44445634
0.31197019 0.50471668 0.04296366 0.55218243
0.99397424 0.22283948 0.04479885 0.27277356
0.05385848 0.58455104 0.04081229 0.09501662
0.83958012 0.49830768 0.03127405 0.76961930
0.82806435 0.50017196 0.01296917 0.34299344
0.45157779 0.99305217 0.03863797 0.36323203
0.50516337 0.27822773 0.03556085 0.22312037
0.40293540 0.98172798 0.02180310 0.80159715
0.37985993 0.41548795 0.02508206 0.17471787
0.33154720 0.89270730 0.05138949 0.07076691
0.84139389 0.02927658 0.02718382 0.62902882
0.58180769 0.17313045 0.05120698 0.01122534
0.19848770 0.15324766 0.06121100 0.37203501
0.90295572 0.85635561 0.04330744 0.95596856
0.55334245 0.01669524 0.02046805 0.77414884
0.69482010 0.64657573 0.00490365 0.09616396
0.74724201 0.05065074 0.03450522 0.67089956
0.86958887 0.28369068 0.05035607 0.83886627
0.12795350 0.95718487 0.03762858 0.38344016
0.58379217 0.41148030 0.05772201 0.09736813
0.28425330 0.99552340 0.03591665 0.58452382
0.94759581 0.31749679 0.05055710 0.20036384
0.35472127 0.32171679 0.05205029 0.91687346
0.32742359 0.57759045 0.02074372 0.17606141
0.91796306 0.91021459 0.05526654 0.20881026
0.79912235 0.23686087 0.03780947 0.65745623
0.42117689 0.14890175 0.04514147 0.68580174
0.74755729 0.50166365 0.04105905 0.88472494
0.82750976 0.48295778 0.00553985 0.53342386
0.68908926 0.22767392 0.05589253 0.46103725
0.18448387 0.62577399 0.03524295 0.44059800
0.87096292 0.11180202 0.02325591 0.50716134
0.29272558 0.94386624 0.03265932 0.38445216
0.27239880 0.56197964 0.00162220 0.13774822
0.70239091 0.97028206 0.00537407 0.13580735
0.20472853 0.37895001 0.05255419 0.39130603
0.57811206 0.46154640 0.00175448 0.27306752
0.31913403 0.08498533 0.00716553 0.12215227
0.21843173 0.31336285 0.00247578 0.94977582
0.55631543 0.44928608 0.05148551 0.30080080
0.67281280 0.37507758 0.02743895 0.21682090
0.59985084 0.84483619 0.02860137 0.07303748
0.06436642 0.83092906 0.00372568 0.25870607
0.94939204 0.71678297 0.01216616 0.67664418
0.63459806 0.87281939 0.06121481 0.87262887
0.74545253 0.61532071 0.02667717 0.44609651
0.04478166 0.27302392 0.02090904 0.33117568
0.09417615 0.40698143 0.01074057 0.50921638
0.78452599 0.62483784 0.02083149 0.32425778
0.45204959 0.79497855 0.00926106 0.04734038
0.70418589 0.17094581 0.02881330 0.25147400
0.69792402 0.96546312 0.05679550 0.85488571
0.59617153 0.28355448 0.00905122 0.00215330
0.06646841 0.89104091 0.04218186 0.33829365
0.99074212 0.95457361 0.00207704 0.66413427
0.29750673 0.87064657 0.02840711 0.77516998
0.83720355 0.20221052 0.05775288 0.93715422
0.19007911 0.80559002 0.04620961 0.38729539
0.66456590 0.75283897 0.04434104 0.02233926
0.12082508 0.36032354 0.02098462 0.33359586
0.15757447 0.78620571 0.02007795 0.47811600
0.31186744 0.03119656 0.05547899 0.63843240
0.87191073 0.44982699 0.02578785 0.67080956
0.36564843 0.01289762 0.00905556 0.08728084
0.21554034 0.39646816 0.01125734 0.76988757
0.19701453 0.20285232 0.04879257 0.46750314
0.89340521 0.66252138 0.05863600 0.61551714
0.74027704 0.03074848 0.00551332 0.17595024
0.21426615 0.06701095 0.02168085 0.02937433
0.92869030 0.44269237 0.00966242 0.12127377
0.98597342 0.72285665 0.05004819 0.05945024
0.61477379 0.77010668 0.04023824 0.55062304
0.26667177 0.29760686 0.02321136 0.64111569
0.67058782 0.55302492 0.05168817 0.18006138
0.04197775 0.61462445 0.02150200 0.36017752
0.92526555 0.24672080 0.03968692 0.29348709
0.97578295 0.33931360 0.04215552 0.53940588
0.06637556 0.21630718 0.00962918 0.40181983
0.27845879 0.79949459 0.01047834 0.60487799
0.80912080 0.50393736 0.03677841 0.57100279
0.23360481 0.42452363 0.03674323 0.41434678
0.96707771 0.45390997 0.01796157 0.01497444
0.82251296 0.51374912 0.02643508 0.51698861
0.25293129 0.47967012 0.06083940 0.07905529
0.25750075 0.31971236 0.02756739 0.85756387
0.06631532 0.59269359 0.05614137 0.38502886
0.54508203 0.34051200 0.02269759 0.56035032
0.80609684 0.25111822 0.04150795 0.68648283
0.31849960 0.43497356 0.00710269 0.27625263
0.97853022 0.08778203 0.03515540 0.50244531
0.87727525 0.88948591 0.04244935 0.80366046
0.24053449 0.38659774 0.05092418 0.30529048
0.06820936 0.42439568 0.05204677 0.15682185
0.33590989 0.96314458 0.01177808 0.33059298
0.91301664 0.31337016 0.00783096 0.62704724
0.82972160 0.13509531 0.06082565 0.80472151
0.73316030 0.21642733 0.02705912 0.95928233
0.55958444 0.80391848 0.04146284 0.48372684
0.78674779 0.85044373 0.02947902 0.45510352
0.61621710 0.54710416 0.05810717 0.26010106
0.03492124 0.10479219 0.04520193 0.82576202
0.07151014 0.65885139 0.00820957 0.83837418
0.75874664 0.13625979 0.02082138 0.86348889
0.28010428 0.71559103 0.03270896 0.73894103
0.33409182 0.99220897 0.00495429 0.74570366
0.73836928 0.83249546 0.04538592 0.13066108
0.68246371 0.21326015 0.03888047 0.83960311
0.40772852 0.13858416 0.01341600 0.12577570
0.39768908 0.81588140 0.02428043 0.83906176
0.45945866 0.25169665 0.02693599 0.11214548
0.24253924 0.31935915 0.01232377 0.43471185
0.09565004 0.63933825 0.01098561 0.41757618
0.17088877 0.01354186 0.01445816 0.02811844
0.10318369 0.04132151 0.01202462 0.62460113
0.69205682 0.71032666 0.01897325 0.76090675
0.42128340 0.37171575 0.04623489 0.45178350
0.98596510 0.90945676 0.01317205 0.65010437
0.86117906 0.23548653 0.04821422 0.25386256
0.92188817 0.14864482 0.05538511 0.99673434
0.97375393 0.95195478 0.02346042 0.85045540
0.11128837 0.42132464 0.04586582 0.13121412
0.25763415 0.81267914 0.05567703 0.88668040
0.65347668 0.63099837 0.00823414 0.58946206
0.66068539 0.34245357 0.02957350 0.70330364
0.71148465 0.61844574 0.05876629 0.32036822
0.14410516 0.27926224 0.05247681 0.41860280
0.52343439 0.92895949 0.01851169 0.16789721
0.12381614 0.83652350 0.05433966 0.81041149
0.12660178 0.61799402 0.06097716 0.50419317
0.81421617 0.32818443 0.01394169 0.17580514
0.71500658 0.46980505 0.05020085 0.52815925
0.42693775 0.98225518 0.01866292 0.86638184
0.10745254 0.75868436 0.01049224 0.00526171
0.88884392 0.58120478 0.04713804 0.93167661
0.47851848 0.92477934 0.01615274 0.87447566
0.64910779 0.46849951 0.04437862 0.31456739
0.91448106 0.63915290 0.03893433 0.01289228
0.99487663 0.84699402 0.05279736 0.65333575
0.72573534 0.27333821 0.00936765 0.02718630
0.65171328 0.12505176 0.02422381 0.49533310
0.33983083 0.84235729 0.04072038 0.67413490
0.76768898 0.10243371 0.02843531 0.77635990
0.57081959 0.97753754 0.05296998 0.91125328
0.34020029 0.28742490 0.05162067 0.29214580
0.26948600 0.14903684 0.04657347 0.07777044
0.68616868 0.99090997 0.01111935 0.08479515
0.29846313 0.03032593 0.03820818 0.54161969
0.02959344 0.16318596 0.01585489 0.99495617
0.24121544 0.80139445 0.01910515 0.35918750
0.65457786 0.93332538 0.02791131 0.32680916
0.10780827 0.45380061 0.04879778 0.16464255
0.88556244 0.79151527 0.04052101 0.77886195
0.38587729 0.21619137 0.00133583 0.96732575
0.34129782 0.86035994 0.00954427 0.07216475
0.30297265 0.59073605 0.02990609 0.47036433
0.80365303 0.38529916 0.00113603 0.69172386
0.31438522 0.02089412 0.01942640 0.58971464
0.47752960 0.56941575 0.02379247 0.35659529
0.58126115 0.46670922 0.00247867 0.94184341
0.01796667 0.86696266 0.05914087 0.92182321
0.00011317 0.11202221 0.02571851 0.51240151
0.60463613 0.33908329 0.04564162 0.03938042
0.51318344 0.78395217 0.03339319 0.23576060
0.58591940 0.66783822 0.03042935 0.18478449
0.48400614 0.81418706 0.01378238 0.54502921
0.29647701 0.20774278 0.04821519 0.86268159
0.46624861 0.07152641 0.04972287 0.92882975
0.42808483 0.77868786 0.03156548 0.46139383
0.31908558 0.92491556 0.04337093 0.57248758
0.49995520 0.21792680 0.04521831 0.67574166
0.49448532 0.85841160 0.04010043 0.82116018
0.77353010 0.77371978 0.00737538 0.59508321
0.64351940 0.70027766 0.04645856 0.72733700
0.13714656 0.96190325 0.02601890 0.03938239
0.56923073 0.35384892 0.04812393 0.42385897
0.28427241 0.41002654 0.05364011 0.71893935
0.63077782 0.78528624 0.00615992 0.12426412
0.34512063 0.45331236 0.02681871 0.84485286
0.18875916 0.31472560 0.01539617 0.12972952
0.95906498 0.61650494 0.00919334 0.58370781
0.35302699 0.45314692 0.04338142 0.32789588
0.09489842 0.79674897 0.04965913 0.09709360
0.18224726 0.43576230 0.01271859 0.49589420
0.25154780 0.70683982 0.05314558 0.70953451
0.10781861 0.13500262 0.05661871 0.06877373
0.34303665 0.05411301 0.04378372 0.57939934
0.58471751 0.49903294 0.04377452 0.60765409
0.95150637 0.96765504 0.05884432 0.21939239
0.03135528 0.21016583 0.00805728 0.63501378
0.11242503 0.81288187 0.02485672 0.42303229
0.32888726 0.91776987 0.00932857 0.98661346
0.10276059 0.18530129 0.03640308 0.84795147
0.87261208 0.09733652 0.03824973 0.87848537
0.33477280 0.54791984 0.03203988 0.64137174
0.91070660 0.04858526 0.04298729 0.84704004
0.35935964 0.00194077 0.04150543 0.61108390
0.42041724 0.39290739 0.00836305 0.27231532
0.62858888 0.60830006 0.05247637 0.93073685
0.22867611 0.85791449 0.04021185 0.47453099
0.37526207 0.13541869 0.04950267 0.21018340
0.78980360 0.39693491 0.04053575 0.50719998
0.03256019 0.27439311 0.03550713 0.92614636
0.25974512 0.58830839 0.04797249 0.50791152
0.64597029 0.78697963 0.04434821 0.80629330
0.93406228 0.14634495 0.02532089 0.10987717
0.64066152 0.45859789 0.03105327 0.16242992
0.12032027 0.80357908 0.01494274 0.21123143
0.83407729 0.28786589 0.05566158 0.22376112
0.08099279 0.86882264 0.02584153 0.70061612
0.91386184 0.22949364 0.02519573 0.77068480
0.00173213 0.11064030 0.04473579 0.41954586
0.36490467 0.30939542 0.03422597 0.98540402
0.16247293 0.14719192 0.02005122 0.62713433
0.37221365 0.82996154 0.05979091 0.93443557
0.87723601 0.48981598 0.05241616 0.41509814
0.21387367 0.94121372 0.04113174 0.99371229
0.48121750 0.34302339 0.03491998 0.44453654
0.80206506 0.57283353 0.01345455 0.67902581
0.65436457 0.60844129 0.03423751 0.24228343
0.31936843 0.03918112 0.01963065 0.55191797
0.26363426 0.96472859 0.00510048 0.27890275
0.53277739 0.68923966 0.02844574 0.12480418
0.52454361 0.94228908 0.04610505 0.60312504
0.65045170 0.89019908 0.02995142 0.99542276
0.10226741 0.92570123 0.00219939 0.11576774
0.75015537 0.23635195 0.02744050 0.43177558
0.17998037 0.74678650 0.02771309 0.75396124
0.83781449 0.98721715 0.03570157 0.94811308
0.42350002 0.08541615 0.03030215 0.78084809
0.08215397 0.27737052 0.05140857 0.63014908
0.16023317 0.50215412 0.01957730 0.08698743
0.41544509 0.18144453 0.05585944 0.15894794
0.19514454 0.42300581 0.05981979 0.97725438
0.75475703 0.97307433 0.04589473 0.24812291
0.54985707 0.79412634 0.01658207 0.29083174
0.44288481 0.35524399 0.04111816 0.58422063
0.39253674 0.74455554 0.00007137 0.89030309
0.26053472 0.75219472 0.04449188 0.45960373
0.70142932 0.71441749 0.01906255 0.72893468
0.07544863 0.63086485 0.01050788 0.75393570
0.58303825 0.36301749 0.00920702 0.87211647
0.88705048 0.87705925 0.00660113 0.35660900
0.44931398 0.71998795 0.02616885 0.37656783
0.14456513 0.30721014 0.03374268 0.45725495
0.18655917 0.25911762 0.03529027 0.07717200
0.53728360 0.95461746 0.04190799 0.57746721
0.33674352 0.62874514 0.03282662 0.45462808
0.71288143 0.40856198 0.00692869 0.97572146
0.75375653 0.67825490 0.04015998 0.20354310
0.05606138 0.13656095 0.01030126 0.53752653
0.13092329 0.44956214 0.05871191 0.43960253
0.39466845 0.41569336 0.05239258 0.44672679
0.69230229 0.08990593 0.01785191 0.39227968
0.24443402 0.77689493 0.02576050 0.30350646
0.15497397 0.65635172 0.03737446 0.19960143
0.87136418 0.76173754 0.05744199 0.20967088
0.01361440 0.39427602 0.00107134 0.63713014
0.72064230 0.27893497 0.00990741 0.04142781
0.99300121 0.71859453 0.02493605 0.30813857
0.25028376 0.15418504 0.02259593 0.73509801
0.17080566 0.95102001 0.05124599 0.28372551
0.06503828 0.45198071 0.04574208 0.23887242
0.17287759 0.51432194 0.06084589 0.13125412
0.13499294 0.00233988 0.04291055 0.14130562
0.24041594 0.04388753 0.01049138 0.75632348
0.23109558 0.00089621 0.04414603 0.40262158
0.41431645 0.74481807 0.04871282 0.98513577
0.91012196 0.68998247 0.00412091 0.90958265
0.67975496 0.13055903 0.04896057 0.77707112
0.55872183 0.80118847 0.05791822 0.15639412
0.89190032 0.30845608 0.03542860 0.41602281
0.62271258 0.09989699 0.03305939 0.64334431
0.50077658 0.22772799 0.05413286 0.24150161
0.68450008 0.38691623 0.03089644 0.73277158
0.68407208 0.42124091 0.03693486 0.56191641
0.25565608 0.87316834 0.05007945 0.01375318
0.86894876 0.08873184 0.06100632 0.70114069
0.34203757 0.12575189 0.03828441 0.38052970
0.51798294 0.44258199 0.02294268 0.23238283
0.15979978 0.76228857 0.04140980 0.39317403
0.75807555 0.95536677 0.03556155 0.22045259
0.12395959 0.63369317 0.04983272 0.02103145
0.76412538 0.69260437 0.05639570 0.78934736
0.63491407 0.07814450 0.04593189 0.83946401
0.82474087 0.22083747 0.03433567 0.61543401
0.29635830 0.99766752 0.00871680 0.30971308
0.33998452 0.91968295 0.05247416 0.86904914
0.99976979 0.65872598 0.02058623 0.80529909
0.11390644 0.19295992 0.01736898 0.15520087
0.94605764 0.33458540 0.02474091 0.97254765
0.38671849 0.81035314 0.00166033 0.82112586
0.40488463 0.44680145 0.02117780 0.84459236
0.35235613 0.71507053 0.03750832 0.09466657
0.23899288 0.91482023 0.05721818 0.66053600
0.19731248 0.71072196 0.02529517 0.07611185
0.83845057 0.82796752 0.03207405 0.94120435
0.49395779 0.95592906 0.01747571 0.14539734
0.52875460 0.56293641 0.01878927 0.92618379
0.46430783 0.62821072 0.04848569 0.82038050
0.02988489 0.04482584 0.00792738 0.68087144
0.48795428 0.67228171 0.02835493 0.30473952
0.67961793 0.04194880 0.01830796 0.10443461
0.02524937 0.38616978 0.02280397 0.71876386
0.61745876 0.90139110 0.00418315 0.56447562
0.96915481 0.06951406 0.01086178 0.02105091
0.29953118 0.55257947 0.05121004 0.02409617
0.22504655 0.16009365 0.02049977 0.08953718
0.91094809 0.31993782 0.00616902 0.85462576
0.73550830 0.28719395 0.03902132 0.53238662
0.36472819 0.36674809 0.03568590 0.72877449
0.76837116 0.28238854 0.05888825 0.22422852
0.74140566 0.77445631 0.04353485 0.53457110
0.46084637 0.94380360 0.03157968 0.53189769
0.03233125 0.63878142 0.05350641 0.43976358
0.53039271 0.45960309 0.03513310 0.61051424
0.24328739 0.27873341 0.06127247 0.02633140
0.76742072 0.48518145 0.02767011 0.78420125
0.58067104 0.07134418 0.00734144 0.83565179
0.93398375 0.97154385 0.02656581 0.02226829
0.92823351 0.32446835 0.02919082 0.96528641
0.32830281 0.24586746 0.05054877 0.34881978
0.04941375 0.81210410 0.04951700 0.13662748
0.56728401 0.76881555 0.00928166 0.20083961
0.51749659 0.40038305 0.05510712 0.36504288
0.61386091 0.01824954 0.03593699 0.69871069
0.27390201 0.03102811 0.01914997 0.58723385
0.40633107 0.20084043 0.04089325 0.60669246
0.32077612 0.31109401 0.02557164 0.16746106
0.71010805 0.71244623 0.04330158 0.94122672
0.44821007 0.98529371 0.04276784 0.41211450
0.16212236 0.79386979 0.01555256 0.88494486
0.05771735 0.81570763 0.00589361 0.14970534
0.96768588 0.05201198 0.02823499 0.37094702
0.21007479 0.34071704 0.02965823 0.90302505
0.36735750 0.19225922 0.04516555 0.12487563
0.80740367 0.68635027 0.05343797 0.47315681
0.33189972 0.82861319 0.05828731 0.82299947
0.50691259 0.43876437 0.05487197 0.99419835
0.62430187 0.76570036 0.00222431 0.53540842
0.02699170 0.69236445 0.03339062 0.03309765
0.37388684 0.71057499 0.03976764 0.18754724
0.37582492 0.63910606 0.00742862 0.54111494
0.96068195 0.89890817 0.03561766 0.20763747
0.53793415 0.74258626 0.00229056 0.13650576
0.01043093 0.02550508 0.00255136 0.10369818
0.50642149 0.25943974 0.02008246 0.90288824
0.55019835 0.72748783 0.04157167 0.57436616
0.70585581 0.66650218 0.02518986 0.49076786
0.75993643 0.57577085 0.05918661 0.37524331
0.50556788 0.09798551 0.03630276 0.56455620
0.74239056 0.55296349 0.04942831 0.94244446
0.08304291 0.98316980 0.04240144 0.78671169
0.74928939 0.79454147 0.02921793 0.53425871
0.07484552 0.80090041 0.02099165 0.54391694
0.91122722 0.12128705 0.05588136 0.45618318
0.84004555 0.03304547 0.03956376 0.37875268
0.45412450 0.65599059 0.04576196 0.25017251
0.90965701 0.00425753 0.04521105 0.82352830
0.83839661 0.29866620 0.02668606 0.19564313
0.03759357 0.22824680 0.05986483 0.57311325
0.74978202 0.74561195 0.05608271 0.44078782
0.72035380 0.28255423 0.00051923 0.51933743
0.28344210 0.39439696 0.03993520 0.79220412
0.57813041 0.78876478 0.04671765 0.82114429
0.33420528 0.10834804 0.02013310 0.77070996
0.98430270 0.12302838 0.04526011 0.08808701
0.00850154 0.53878462 0.03503410 0.35906751
0.15933839 0.21640216 0.04652932 0.25858033
0.63726406 0.78459681 0.01918816 0.51070033
0.01312108 0.88984518 0.01799841 0.11161788
0.32019394 0.98818113 0.05026170 0.85244666
0.16367023 0.33063306 0.01810266 0.45211987
0.73609950 0.12084871 0.02097239 0.38438067
0.65968514 0.38284845 0.01913284 0.38404023
0.18630594 0.24762650 0.03497035 0.56578054
0.99276188 0.41850945 0.00286480 0.60366181
0.16414289 0.60808238 0.05769987 0.87991389
0.08943237 0.95679570 0.05835788 0.31072442
0.58650185 0.99717120 0.03997264 0.91352514
0.40237337 0.42955121 0.06104130 0.52104227
0.48345878 0.30693675 0.03870354 0.62606047
0.17197838 0.57145472 0.03714383 0.67909131
