134
0.79708530 0.94902943 0.07246933 0.45041633
0.52996687 0.68277668 0.01504929 0.12252199
0.57928891 0.55290002 0.06679267 0.99801415
0.55001566 0.06683710 0.04364025 0.92505067
0.11511338 0.13040142 0.02220389 0.58966788
0.41392592 0.97530266 0.00736972 0.35499767
0.53387831 0.05024388 0.04228580 0.13960964
0.73372288 0.83936895 0.03971589 0.91209375
0.73601939 0.31584150 0.05215486 0.81015724
0.52447051 0.52935912 0.05317884 0.65196453
0.97298647 0.80931939 0.01464280 0.93018753
0.76721282 0.87830602 0.05320543 0.48204495
0.42857637 0.75994999 0.05584632 0.72154354
0.23056888 0.00182436 0.07115580 0.08096641
0.61746330 0.34240144 0.00022726 0.86597194
0.65591098 0.86096386 0.00851438 0.07665744
0.52754849 0.20681449 0.07117749 0.68206278
0.50405369 0.81320577 0.03394710 0.96233950
0.14206161 0.34005466 0.06091223 0.90319388
0.72720104 0.80711964 0.05757888 0.65453868
0.63734347 0.37910355 0.02618187 0.01043176
0.69142567 0.18046527 0.03549778 0.29611838
0.90655704 0.61948203 0.05217781 0.28609298
0.74351956 0.65579005 0.03223710 0.41661140
0.45425320 0.82399287 0.00278948 0.36624445
0.20723817 0.40503868 0.08047502 0.99871793
0.44104549 0.12591343 0.07540730 0.90129281
0.02832635 0.79659011 0.08015876 0.20974892
0.03411907 0.80044866 0.02017408 0.29568347
0.61899903 0.53975355 0.05853651 0.74985473
0.00448358 0.77743644 0.04225384 0.37661556
0.37655680 0.28010880 0.05521626 0.21769922
0.39748550 0.60407252 0.02877730 0.02953767
0.67158237 0.77391260 0.07160458 0.16270302
0.83975424 0.57052490 0.06134999 0.84362143
0.53826129 0.31870171 0.07373667 0.76810859
0.11487332 0.24688622 0.07649152 0.54515194
0.32523482 0.16367408 0.01992229 0.35863277
0.20865615 0.80788534 0.08624174 0.48344958
0.68303086 0.02252954 0.00847850 0.07581184
0.07307112 0.06353009 0.01806671 0.80791271
0.12670198 0.25844032 0.08693286 0.46251737
0.11933395 0.67278011 0.04187708 0.70268256
0.76915857 0.79734321 0.00752283 0.35670143
0.45055989 0.41747903 0.00618801 0.56347382
0.39672775 0.23355103 0.01524995 0.30022266
0.76582678 0.91028101 0.03773046 0.12743229
0.35153992 0.98803296 0.05393129 0.54660187
0.89430455 0.69635818 0.03941753 0.48039073
0.63632040 0.04727238 0.03057458 0.44977639
0.11196822 0.53983433 0.00527317 0.93403322
0.48707119 0.94366395 0.07773126 0.29962757
0.01190428 0.14468349 0.04550435 0.56839470
0.59490249 0.00204943 0.04568288 0.22525414
0.02936656 0.37944646 0.02128311 0.34203210
0.61417957 0.62978680 0.01511846 0.68483491
0.82721131 0.54761998 0.05340141 0.42219290
0.66079294 0.06071777 0.08435918 0.98053333
0.00843275 0.08503226 0.08221782 0.54665710
0.24455528 0.31899464 0.04245237 0.73311631
0.75007449 0.41172354 0.03911190 0.86853276
0.63751332 0.66109252 0.06814878 0.31113301
0.60504138 0.63266943 0.00227033 0.11844422
0.76292653 0.72797540 0.00256669 0.47457079
0.54706295 0.14722822 0.00007350 0.35980580
0.60429383 0.84086929 0.03547693 0.48941497
0.19470713 0.82753154 0.08462628 0.57335683
0.90571808 0.70016351 0.04896892 0.42396671
0.79038468 0.15056932 0.02908520 0.24068367
0.18210265 0.94129111 0.03632195 0.25984081
0.99992694 0.28014661 0.01181303 0.53814270
0.25609331 0.15249834 0.05401446 0.54280704
0.76510419 0.62824556 0.06179473 0.92695242
0.90804829 0.31663173 0.08867361 0.36179850
0.07133887 0.37950299 0.03853946 0.36046655
0.81949865 0.80995388 0.05488086 0.40836207
0.27003989 0.11298331 0.02216363 0.53380681
0.08233719 0.71085020 0.00464807 0.01073739
0.76822151 0.94163779 0.05773370 0.95017389
0.48297631 0.96866014 0.00924141 0.45837494
0.34809811 0.15857919 0.01815489 0.92630240
0.94395397 0.46180441 0.04700987 0.84271312
0.47979116 0.99366825 0.01341531 0.56855587
0.88821342 0.88980079 0.00425395 0.59137342
0.80120738 0.05336753 0.03542101 0.59808414
0.98180684 0.18023608 0.03271218 0.54735645
0.75648715 0.79000082 0.02720424 0.31271699
0.09887440 0.23920502 0.03309645 0.92332516
0.85701863 0.37132865 0.05301201 0.80288431
0.21538871 0.20919293 0.01062096 0.20816600
0.65283909 0.99987865 0.01411382 0.18609408
0.79886852 0.48656458 0.03512009 0.35750691
0.71787233 0.47547922 0.08257707 0.94678146
0.68125424 0.20116451 0.06054628 0.13241362
0.00458589 0.24009347 0.03346233 0.96529595
0.27833564 0.70615312 0.07844445 0.89174790
0.22884019 0.19470731 0.08959313 0.22147049
0.45311454 0.83565263 0.06929694 0.69449371
0.53387054 0.13669783 0.08022377 0.28000163
0.34880211 0.34767518 0.05633527 0.54464605
0.59514873 0.50958560 0.06797712 0.16025228
0.59050736 0.47286432 0.07137707 0.76756023
0.47162690 0.94094067 0.03400796 0.64618606
0.48054758 0.52457653 0.01898151 0.66796010
0.20391353 0.35488338 0.01804829 0.43037227
0.02428450 0.58376998 0.02010377 0.59642813
0.64172251 0.40448613 0.02917835 0.18186571
0.49924764 0.37097156 0.06884962 0.22874708
0.01976627 0.90585912 0.05651065 0.95652245
0.09486396 0.14824265 0.07864578 0.88593583
0.18943848 0.88981982 0.01350646 0.27367965
0.05892036 0.45609082 0.00591869 0.01765632
0.30092465 0.31580797 0.07556984 0.51260182
0.36800345 0.67933055 0.07366024 0.97164196
0.96508096 0.05857205 0.01368369 0.58382504
0.66892247 0.79404206 0.05630961 0.71456908
0.65477571 0.39946912 0.03128105 0.17276947
0.46568721 0.36350624 0.07408811 0.14697188
0.48731673 0.97706907 0.04622042 0.98320664
0.59021661 0.51990856 0.01771919 0.57216229
0.09045003 0.53039826 0.07927593 0.21331015
0.54753716 0.37793258 0.02490390 0.90330109
0.57251257 0.59786815 0.02871539 0.59649045
0.81957254 0.59583835 0.03525214 0.11304127
0.86448371 0.41080455 0.04768967 0.59800008
0.23615963 0.98752366 0.05750743 0.55372011
0.66357572 0.03164394 0.03713627 0.24104649
0.79678127 0.63380717 0.05606187 0.99570804
0.19686500 0.38681164 0.06547166 0.65636547
0.80486860 0.97789414 0.07118446 0.48371438
0.16814397 0.96746037 0.05385287 0.21401155
0.23956056 0.76964455 0.00484606 0.81600900
0.90555747 0.47667028 0.09048149 0.50559031
0.77092612 0.00191018 0.07634541 0.62592496
