486
0.33369074 0.45186943 0.01467233 0.44521694
0.04046439 0.11848083 0.02037200 0.43418244
0.79870918 0.71894115 0.01623713 0.36793101
0.51299377 0.68821463 0.04872523 0.88275616
0.15766495 0.68311154 0.03559719 0.90805806
0.72416256 0.61704081 0.01658462 0.06937603
0.15060270 0.96867321 0.02247708 0.22772995
0.03589826 0.84532919 0.04406396 0.97446427
0.58821671 0.74011508 0.02456715 0.33522360
0.25133951 0.35439736 0.05769124 0.01526309
0.95805207 0.47821111 0.05396372 0.29115936
0.05024760 0.51233862 0.00060124 0.35135125
0.12852125 0.33401427 0.00247066 0.54762876
0.71848416 0.58753831 0.04409380 0.94706402
0.71054100 0.54690318 0.02227604 0.81546559
0.34842073 0.68691213 0.00800713 0.37235646
0.54573295 0.13545449 0.02867102 0.75369301
0.94971841 0.85020362 0.00012921 0.62365814
0.72930465 0.59304509 0.07410641 0.67347192
0.04653453 0.88891971 0.04687068 0.06991290
0.31398559 0.61910104 0.06996628 0.74916292
0.73242680 0.53140806 0.07402165 0.06662263
0.43059542 0.40454481 0.02049981 0.47166249
0.39355065 0.64840658 0.07268775 0.08744174
0.82123183 0.72683458 0.05810392 0.74699525
0.10849286 0.57527881 0.04000625 0.82114787
0.76194082 0.20304300 0.03778137 0.03896526
0.34762956 0.29028510 0.04335513 0.73807381
0.94369610 0.78252413 0.07346826 0.00125167
0.68143725 0.74583916 0.00192098 0.77281621
0.99000128 0.58390608 0.03977463 0.22588190
0.92779615 0.14350257 0.04020337 0.57409864
0.22162547 0.85627633 0.04150114 0.90196085
0.51667658 0.15879489 0.07674061 0.83913974
0.57127603 0.18016881 0.02448449 0.46759590
0.61678188 0.73539761 0.07700722 0.20528345
0.56365445 0.30963803 0.06075884 0.86461586
0.08042091 0.52518828 0.00823208 0.63389565
0.09237721 0.54203611 0.00886900 0.76341890
0.36390398 0.60432905 0.07804626 0.08371171
0.21192300 0.95419152 0.05870800 0.16186943
0.22664477 0.66476671 0.00259018 0.68909030
0.38926129 0.62535279 0.00313621 0.71323606
0.30836512 0.10277862 0.06466500 0.12967413
0.24024142 0.74864881 0.01868834 0.45264806
0.48167329 0.52810473 0.01710532 0.88696430
0.84848918 0.63491882 0.02364691 0.13739049
0.69728973 0.32310266 0.02705604 0.23113980
0.37511757 0.54414864 0.01564419 0.93108902
0.86008078 0.13543410 0.05281345 0.40187931
0.73481856 0.30987474 0.07250385 0.76216837
0.83375565 0.17609546 0.03588389 0.05614252
0.45445621 0.15827442 0.02493105 0.94693067
0.24817744 0.27315128 0.01271158 0.60683794
0.21514635 0.78936147 0.06317629 0.57790321
0.01245001 0.53396130 0.07978619 0.12788428
0.93329936 0.05363346 0.01058882 0.54110880
0.77932106 0.88909258 0.02660634 0.60444291
0.48782579 0.89037291 0.06943005 0.26456790
0.21847732 0.06996690 0.05817174 0.80406657
0.96040726 0.80142982 0.03877761 0.26722266
0.92988562 0.46970171 0.07741357 0.76228672
0.78866733 0.26470724 0.01414245 0.08212993
0.94278901 0.17734901 0.00788796 0.24843584
0.30102103 0.62092235 0.06728913 0.67444970
0.17069352 0.04870901 0.07235892 0.91694602
0.80914161 0.03551810 0.05516923 0.20745646
0.23768484 0.73699844 0.06999695 0.94699994
0.37210134 0.93838704 0.04456084 0.37371005
0.07400855 0.15610218 0.00822331 0.21070936
0.45648784 0.42407178 0.06541695 0.38420819
0.86388417 0.81641041 0.00514360 0.01268361
0.62331116 0.95906377 0.02698799 0.88293965
0.83001309 0.96924977 0.05743824 0.16846240
0.40669117 0.74106964 0.02557642 0.27577952
0.75003588 0.13897154 0.01354298 0.26821513
0.96736842 0.16876424 0.04084459 0.52874361
0.39499887 0.44001670 0.06770326 0.50791621
0.57531150 0.89042030 0.05824933 0.38028265
0.78014681 0.88914966 0.01946814 0.29782670
0.70434227 0.81872469 0.03800826 0.53176564
0.25292381 0.55899859 0.04453000 0.13879687
0.66966666 0.29761756 0.02867082 0.65357223
0.15920579 0.59397479 0.03535887 0.95266556
0.37549679 0.86071591 0.01353189 0.18684218
0.37550872 0.46328110 0.07227350 0.35376554
0.03212313 0.26153885 0.04285010 0.91799409
0.57723520 0.12579940 0.04080341 0.83091357
0.40514228 0.38353930 0.01280790 0.23593471
0.87133302 0.77976042 0.03512869 0.99291108
0.85057241 0.46260218 0.07715582 0.87445479
0.50238271 0.52116249 0.06360471 0.45668199
0.25934267 0.65499328 0.05011904 0.75465678
0.50490405 0.82983749 0.06270781 0.17893838
0.99184689 0.88485132 0.07802877 0.70378905
0.47273972 0.63049158 0.02527129 0.32024535
0.67617634 0.42188584 0.06260828 0.83765380
0.69293014 0.27501029 0.05806294 0.89326574
0.89574267 0.84801012 0.06419692 0.48309908
0.02528967 0.54526099 0.02535702 0.28217388
0.60170732 0.19018527 0.01062306 0.99448892
0.27508801 0.88647960 0.07082874 0.99839095
0.05235428 0.78579601 0.02461028 0.89582945
0.83719503 0.74761694 0.07700652 0.81899138
0.87463529 0.56778847 0.06539038 0.42426015
0.94150053 0.96803853 0.00377667 0.73547527
0.07971908 0.87584470 0.02229261 0.72410087
0.12086485 0.71323697 0.04766085 0.91634944
0.91523177 0.81619929 0.04983685 0.22674347
0.74392478 0.24775482 0.05471485 0.59096252
0.95248853 0.00437148 0.05423220 0.74190307
0.12199065 0.06209542 0.00588400 0.92786254
0.55953632 0.28217279 0.05743529 0.47879287
0.24787922 0.77816230 0.03897157 0.69287433
0.27898477 0.88438193 0.01521698 0.86444605
0.73212681 0.27240879 0.07625503 0.86371974
0.15720472 0.51002064 0.04787936 0.89050114
0.20462757 0.92565680 0.03076588 0.01393486
0.97296840 0.14490569 0.07411902 0.26626775
0.85685424 0.23367643 0.02098098 0.51898890
0.52228314 0.79541831 0.02584126 0.26454336
0.64205302 0.50021203 0.06550729 0.73892764
0.64111774 0.45565404 0.01768808 0.54821470
0.99294965 0.90834668 0.06910696 0.86900730
0.00176227 0.20810038 0.02536574 0.35217035
0.61930047 0.68727609 0.06771804 0.12006939
0.27943606 0.38237476 0.01470713 0.67134344
0.38254081 0.69768918 0.03150615 0.68857989
0.58123541 0.37643980 0.03968216 0.58940283
0.98910648 0.26776280 0.01255474 0.28498377
0.80378998 0.64996816 0.06812099 0.62105895
0.84158385 0.12097474 0.04406769 0.72314273
0.96380190 0.55473089 0.03236794 0.65201640
0.41169356 0.19226703 0.03056900 0.79891063
0.08105558 0.57573631 0.04874186 0.29344306
0.76472421 0.01156634 0.03124083 0.54074589
0.62348876 0.17367783 0.03873569 0.21913947
0.34232278 0.40967471 0.03371741 0.19433786
0.39292072 0.24092369 0.04574453 0.34934094
0.71145913 0.89298182 0.07578318 0.58787293
0.61981577 0.41516276 0.06592835 0.82373605
0.10317669 0.08718021 0.00037825 0.84434849
0.92945538 0.11657218 0.05518042 0.36117670
0.49455952 0.85089603 0.04632434 0.21934431
0.12494473 0.72648172 0.00677562 0.25972536
0.54182470 0.12764617 0.03992814 0.32246837
0.28068276 0.43897001 0.00554469 0.68554177
0.94887982 0.70403095 0.02004405 0.60728962
0.62519520 0.34891294 0.02201965 0.25956700
0.45984404 0.24405690 0.07524828 0.76219248
0.34529984 0.14589515 0.07648409 0.19436236
0.62465289 0.09761968 0.05018545 0.89155949
0.51556806 0.85022039 0.04327472 0.61423367
0.03287092 0.10043215 0.01399895 0.31573997
0.65112189 0.28303492 0.04631000 0.80001934
0.18489862 0.14703521 0.05219577 0.72985412
0.92102909 0.60503078 0.03832188 0.69897996
0.23175030 0.79675503 0.04739067 0.43643444
0.73892026 0.72843110 0.05864895 0.19485124
0.24456531 0.14483631 0.03627075 0.89850469
0.25320633 0.63895033 0.03205248 0.12525007
0.19192847 0.81063886 0.03078610 0.36108473
0.54067902 0.68340727 0.04707530 0.90682368
0.64058975 0.25660483 0.01103803 0.92943839
0.96096390 0.23002993 0.05219924 0.45303379
0.52116484 0.23435093 0.02549369 0.23542796
0.18389659 0.36409563 0.06326556 0.73487483
0.60308020 0.33341402 0.00609428 0.86730468
0.05942439 0.67550033 0.02645221 0.40570333
0.10426392 0.29444382 0.02753586 0.86298066
0.50570657 0.79976733 0.02882108 0.17878808
0.90091646 0.72464578 0.03523867 0.28854805
0.20666138 0.58220771 0.06886429 0.40593511
0.53384600 0.31273491 0.01518800 0.38215847
0.21409689 0.14423446 0.06722808 0.05539814
0.72145519 0.96839293 0.04633332 0.50856166
0.89812274 0.99981940 0.00862591 0.58695012
0.25190536 0.72609697 0.07860531 0.35599656
0.66386883 0.42045622 0.03516111 0.13572703
0.56760423 0.76260460 0.04415063 0.40783752
0.06278205 0.68679334 0.00855101 0.60608951
0.32845694 0.57818422 0.07422608 0.60670716
0.13876651 0.69341910 0.05928761 0.34846629
0.77090439 0.46722276 0.07963824 0.48074073
0.15208167 0.07803714 0.02554350 0.66385894
0.28471788 0.71503541 0.05028696 0.25155241
0.81149899 0.63148307 0.00114664 0.91027154
0.88430955 0.92828027 0.04764219 0.21370575
0.92557445 0.83209156 0.05242678 0.20550177
0.20606922 0.69394640 0.02134716 0.72725676
0.16838593 0.07811771 0.07116317 0.94206355
0.03000625 0.90489776 0.06238840 0.28613108
0.48373646 0.56416866 0.01676714 0.46106869
0.30344967 0.47805209 0.05393219 0.63979415
0.87096959 0.33382272 0.02332090 0.05685164
0.14767171 0.00619240 0.04796653 0.88003055
0.47330718 0.40130144 0.06198089 0.25123894
0.62499791 0.59491796 0.00086640 0.96804326
0.61604433 0.73705439 0.07682848 0.48695938
0.55250085 0.19477734 0.05200565 0.27686830
0.18362301 0.91616170 0.07633439 0.88950152
0.04809860 0.45740199 0.00309610 0.39624449
0.85002928 0.19587784 0.00986244 0.74450723
0.47085494 0.58411413 0.02004669 0.49915065
0.21111898 0.15674361 0.05649789 0.34971586
0.66680700 0.78936750 0.04397206 0.03041053
0.92316207 0.96148583 0.03195746 0.01764562
0.26273977 0.43361018 0.04824207 0.37642185
0.03705372 0.63607446 0.06700726 0.82957153
0.81317648 0.63734026 0.03735195 0.53778045
0.00838105 0.25307588 0.00530686 0.00857807
0.84029232 0.76905585 0.06098208 0.39468735
0.92825712 0.67562487 0.01635053 0.55043667
0.75543643 0.44445868 0.06850135 0.61385119
0.96474584 0.32867906 0.01980582 0.82353174
0.86840958 0.55197175 0.03043428 0.05413938
0.87708492 0.92886473 0.03521813 0.16225099
0.61324022 0.59790988 0.05120475 0.90714811
0.13672633 0.35107521 0.03157760 0.61852882
0.07180206 0.61595687 0.00737453 0.46999873
0.28234712 0.32815958 0.07280316 0.84878523
0.54296448 0.85429852 0.04974157 0.25361987
0.75694549 0.26038271 0.07166439 0.50853777
0.67225465 0.95241125 0.07129479 0.99577305
0.19967936 0.25206514 0.01915532 0.24093311
0.59132853 0.74599679 0.05804343 0.52929796
0.39679872 0.70166126 0.02206724 0.36045433
0.28472461 0.43592562 0.06108643 0.67725154
0.24956185 0.30754559 0.06891811 0.67266203
0.85688570 0.26403162 0.01284837 0.30919163
0.76311728 0.40704239 0.04145269 0.96909915
0.09964064 0.91620527 0.01839140 0.87143612
0.88173701 0.92305770 0.07045920 0.27394017
0.20869639 0.37541107 0.05707488 0.34783578
0.26963934 0.15018739 0.03395133 0.36255530
0.00539250 0.19959803 0.01447003 0.41307607
0.15894241 0.24114595 0.03846289 0.51906528
0.64723208 0.62287540 0.01939807 0.25661087
0.62735900 0.37418317 0.04939929 0.44648782
0.56272515 0.44932675 0.02963571 0.92231049
0.43213568 0.66476677 0.03523246 0.16167025
0.80845689 0.94560063 0.04293634 0.62342966
0.80739074 0.40621642 0.06199250 0.89518516
0.83354588 0.37047610 0.02507993 0.21368279
0.76572651 0.62999790 0.07069924 0.27197204
0.95287701 0.74089749 0.04399389 0.28073583
0.63500362 0.39958799 0.00294091 0.24654170
0.85717127 0.10329578 0.07116350 0.23611881
0.33795534 0.85806274 0.01668976 0.20313656
0.46951682 0.00691912 0.01292725 0.33307654
0.36899867 0.84399428 0.06701228 0.72675264
0.06600633 0.02921447 0.02441068 0.02335285
0.82744613 0.70637672 0.03375489 0.68354177
0.44088691 0.14539561 0.02967642 0.52772151
0.58228655 0.89117621 0.04608743 0.79729373
0.99078375 0.90616658 0.02077575 0.46474273
0.40041214 0.61521615 0.04705099 0.98183134
0.39962999 0.95060461 0.07845479 0.34867158
0.64833717 0.08949457 0.07231010 0.31462355
0.88759715 0.72596011 0.06988954 0.29883402
0.29847170 0.54732364 0.01384595 0.95363060
0.14340798 0.19095195 0.03656778 0.23312554
0.19909695 0.69898824 0.01272272 0.26743909
0.27282586 0.79712493 0.06716171 0.02310766
0.29604273 0.93663884 0.02456321 0.84155366
0.00351459 0.84198660 0.03139179 0.32494145
0.61760917 0.51644741 0.05685649 0.85516562
0.57719383 0.40939793 0.07020789 0.65016780
0.37854331 0.70328480 0.07245263 0.93206435
0.63338695 0.12180675 0.07925026 0.11434114
0.68901455 0.48632778 0.07968984 0.04728943
0.84652860 0.16185860 0.02901819 0.57941775
0.07543796 0.64988037 0.04633119 0.94885168
0.54401226 0.10569277 0.03557392 0.91200971
0.81024759 0.06023465 0.01861948 0.26953979
0.13676795 0.06172869 0.07381742 0.04188508
0.73427898 0.22877788 0.06983686 0.12900511
0.84531628 0.82605739 0.01853898 0.55439870
0.84405564 0.53360513 0.02199930 0.98425951
0.31101461 0.74891490 0.03771726 0.47094003
0.38210057 0.85782506 0.06278205 0.81228600
0.66137802 0.41017703 0.04708295 0.99495526
0.78557143 0.71898886 0.01981933 0.08990679
0.22005100 0.28521388 0.07941593 0.06765433
0.97147612 0.31895505 0.02415297 0.67214528
0.46468043 0.47225657 0.03006229 0.48564445
0.69179112 0.20582459 0.03384250 0.93746842
0.61175249 0.76550193 0.01345364 0.08359284
0.77105329 0.72021778 0.05885904 0.06441665
0.20996725 0.87892289 0.01118556 0.26845002
0.41151929 0.57202459 0.04787640 0.56287608
0.75037947 0.46889595 0.05177911 0.11593845
0.31283849 0.71700557 0.01258525 0.79547117
0.27208887 0.05490633 0.06869682 0.31498624
0.54618528 0.59192681 0.07269379 0.34233681
0.86074603 0.91985262 0.00053353 0.31520255
0.91356302 0.06194588 0.02942512 0.29814739
0.42942740 0.68371477 0.07130261 0.01833817
0.89390989 0.93816503 0.07275808 0.57234096
0.58236881 0.35643061 0.00121785 0.59603155
0.17513575 0.97672698 0.04855720 0.40685258
0.39609034 0.44197313 0.04085995 0.71571246
0.24461884 0.63706998 0.05053867 0.22400149
0.59108225 0.24179717 0.05850813 0.45893433
0.69337858 0.19915783 0.07686565 0.50331953
0.78223204 0.45940340 0.02035500 0.44535616
0.45853739 0.40879879 0.04359026 0.22830146
0.95726019 0.28792857 0.07951929 0.63151264
0.81889813 0.37028532 0.01042249 0.52463168
0.78179559 0.56621007 0.06231994 0.91044150
0.68470828 0.19279745 0.02187421 0.72941799
0.70877971 0.47611784 0.05294481 0.71601681
0.12959595 0.60860582 0.01357492 0.83274879
0.22206854 0.24470982 0.03804185 0.58883339
0.89894829 0.69982976 0.03712507 0.44634167
0.22529763 0.74761109 0.02126312 0.05270115
0.37474941 0.39737281 0.01423653 0.01133012
0.73817289 0.51621043 0.00148110 0.98015556
0.32142458 0.02016784 0.07018316 0.84165768
0.99211296 0.17696401 0.00780443 0.76335749
0.90567158 0.34489963 0.02758310 0.85215492
0.53151258 0.60220179 0.02670857 0.58791916
0.74057921 0.12698934 0.06345442 0.41016394
0.82466474 0.81989349 0.07464541 0.80200090
0.89762575 0.52988342 0.01509352 0.70424514
0.85249111 0.59580693 0.06921589 0.85675088
0.67845493 0.18867007 0.02100787 0.29885256
0.59016095 0.92717558 0.06145968 0.31412810
0.77335504 0.28728875 0.01699696 0.53045975
0.45060867 0.75332508 0.05813221 0.51694883
0.61117625 0.51126225 0.07447039 0.50959981
0.84816091 0.09153697 0.04225207 0.98470223
0.58823025 0.70446636 0.02972666 0.13348646
0.95275192 0.65910414 0.07139331 0.51757446
0.03196608 0.64004633 0.00442800 0.81510502
0.38865145 0.71104913 0.02305149 0.44441298
0.79945442 0.07864713 0.05225939 0.53729387
0.78670771 0.32197557 0.04892102 0.47469024
0.48252753 0.91178790 0.04658260 0.99597982
0.06979553 0.21654088 0.04117064 0.62141738
0.74267959 0.34253457 0.06837862 0.75310345
0.02333161 0.68156924 0.07868399 0.10221421
0.00170227 0.05600270 0.06890898 0.29980816
0.80497225 0.95577947 0.06258097 0.24429992
0.64173126 0.97065172 0.02908390 0.02850277
0.53618417 0.34157771 0.00827869 0.95878414
0.24446025 0.80804084 0.00505498 0.30964781
0.88853131 0.26992939 0.05518310 0.91563874
0.73439743 0.19765981 0.02951748 0.27908211
0.08671573 0.83072431 0.05831631 0.84179557
0.15458288 0.45748188 0.06117018 0.86918934
0.97672197 0.88838719 0.06309430 0.77813471
0.92511313 0.90396771 0.05848015 0.20156649
0.84357792 0.68944067 0.04923619 0.34930989
0.50269546 0.50616227 0.05333404 0.99890599
0.95918172 0.98908018 0.01231126 0.52069988
0.85928336 0.62483185 0.06035011 0.52583633
0.91981956 0.73286112 0.03470016 0.91758559
0.46269573 0.88567155 0.07763447 0.20720616
0.97081881 0.71835631 0.05765336 0.62297350
0.89351613 0.06011290 0.06650385 0.69651172
0.58370737 0.35706315 0.07620973 0.19736222
0.51621155 0.97363653 0.05464012 0.40712843
0.02770506 0.86630704 0.07658374 0.02882059
0.89097389 0.24218712 0.06087920 0.73033178
0.73718166 0.05535175 0.06584289 0.48657438
0.69864797 0.47969007 0.01298469 0.90034629
0.16094764 0.67825176 0.01302393 0.25235550
0.22676767 0.98253986 0.06589686 0.41877537
0.20103109 0.01110105 0.00997508 0.00861385
0.70701630 0.56752785 0.02549323 0.03832391
0.05815817 0.22306271 0.00071088 0.45798302
0.24635843 0.07324243 0.01829069 0.75468389
0.09738689 0.00532627 0.02298910 0.65996425
0.77086932 0.68734602 0.07830233 0.79351081
0.26183347 0.91117915 0.07503765 0.40273989
0.35073898 0.94186338 0.00242530 0.25767165
0.44327717 0.49080303 0.05493154 0.13143119
0.12255355 0.73720930 0.03907527 0.22428736
0.94623810 0.79384275 0.02539842 0.55627482
0.24835008 0.79292014 0.00559100 0.32897386
0.00423520 0.22395644 0.04818675 0.02186594
0.84661597 0.61201934 0.07553277 0.51585937
0.43627085 0.63845727 0.00872959 0.00375439
0.31917654 0.22344530 0.03851490 0.48314451
0.41552354 0.46176924 0.00880965 0.26207632
0.22963931 0.61774823 0.02298618 0.82274246
0.51234867 0.85132181 0.04440527 0.17040507
0.32300575 0.39945042 0.04079184 0.22402741
0.70864740 0.92849679 0.01742925 0.13615645
0.99465159 0.81074510 0.07788114 0.19212489
0.39503687 0.73455058 0.05932563 0.37236376
0.62424443 0.48469468 0.03391395 0.33130295
0.19192724 0.58284618 0.06566123 0.71231255
0.74254920 0.50051991 0.04089389 0.92414805
0.04519061 0.90280630 0.06302687 0.39171345
0.28497740 0.63410163 0.07752293 0.82475798
0.73315861 0.90902431 0.06609564 0.42137403
0.53625324 0.82614597 0.04388549 0.99370608
0.76583167 0.46409393 0.00054744 0.33580403
0.85781347 0.37836101 0.02723247 0.42985253
0.02404479 0.02136424 0.07460970 0.27145601
0.85581933 0.97003741 0.04595218 0.07987106
0.25449154 0.64917976 0.02463729 0.43842538
0.00845850 0.98802471 0.03577140 0.36309760
0.76201704 0.15582658 0.04419124 0.32827613
0.62942601 0.90028068 0.02593241 0.03713183
0.21327444 0.52368962 0.02329455 0.38272889
0.19172604 0.70558896 0.07081006 0.05882606
0.40581031 0.45275388 0.00273273 0.80065719
0.64233679 0.33718668 0.07825314 0.38485102
0.11907960 0.95047175 0.06379781 0.70396456
0.77771414 0.37778937 0.01758525 0.11045163
0.65410360 0.87128186 0.00644289 0.53027741
0.37778263 0.19502066 0.04464370 0.64231868
0.60065275 0.17726951 0.05433348 0.52215779
0.06379085 0.24830126 0.01458955 0.95605010
0.89840944 0.79214128 0.04216411 0.12951299
0.12642754 0.94032415 0.07151821 0.05464810
0.95281926 0.40344633 0.00831115 0.41697964
0.39530576 0.52963590 0.07992267 0.11276432
0.09864786 0.69621155 0.07508913 0.49472879
0.59141727 0.92739836 0.00412763 0.57362011
0.63706243 0.84665492 0.06547063 0.22551416
0.70940666 0.94501262 0.07150562 0.90350399
0.55321718 0.14861182 0.05565179 0.20609503
0.58325071 0.22859498 0.02868495 0.71931777
0.73253390 0.46426402 0.04404558 0.70474279
0.12256067 0.45393192 0.05073623 0.02605990
0.96108990 0.90482680 0.06848122 0.12338715
0.61467194 0.05493992 0.01151514 0.58810356
0.92321759 0.40878609 0.00052410 0.99931639
0.16807791 0.24682234 0.01926181 0.55829236
0.03316597 0.66251007 0.03435062 0.26847620
0.03459807 0.69908335 0.02288153 0.16046687
0.91043736 0.86863212 0.07904463 0.08558984
0.43723709 0.03300054 0.01503338 0.35231190
0.67465144 0.40440504 0.03684324 0.35849802
0.67776097 0.77259261 0.04963545 0.30882982
0.93853751 0.90656937 0.01609574 0.72925347
0.81019518 0.67055020 0.00736314 0.01870461
0.43658709 0.47487641 0.01483145 0.99430415
0.89704933 0.53972125 0.06785817 0.96603247
0.69106128 0.72333439 0.01174077 0.62756262
0.62194996 0.89938758 0.04911147 0.23015043
0.23710691 0.24168664 0.02605572 0.68175054
0.35976580 0.78913852 0.07561578 0.73648237
0.92960747 0.32944352 0.07207815 0.51215105
0.25104059 0.97989572 0.06132111 0.40095013
0.79839812 0.15099957 0.02176407 0.70830949
0.38719804 0.55456215 0.01648765 0.27837411
0.39508456 0.36679192 0.06445598 0.69063376
0.19695760 0.05349530 0.05446864 0.30209881
0.08054606 0.36897595 0.03701758 0.59297467
0.01411962 0.95005918 0.06441821 0.82511374
0.48310795 0.98791235 0.02856895 0.50214657
0.91805991 0.68078747 0.04201280 0.85133474
0.25219317 0.64459363 0.06213773 0.46325629
0.82314255 0.87818566 0.01325269 0.90148654
0.46019347 0.25084733 0.05363314 0.85926072
0.73016392 0.17806302 0.04111493 0.18905779
0.41123011 0.28348090 0.06109473 0.49563031
0.80845057 0.57190000 0.07766007 0.68371023
0.46128983 0.02447423 0.00726162 0.63727813
0.24054118 0.17264102 0.01399569 0.27928992
0.37933501 0.76588399 0.06187656 0.42088814
0.49096487 0.78921168 0.07115321 0.51467473
0.60892810 0.96297827 0.02315922 0.60577372
0.48716783 0.71760596 0.04473205 0.06247026
0.13344256 0.67876919 0.01940853 0.55495141
0.20602789 0.34654908 0.07892889 0.78975484
0.26854410 0.39902304 0.02763692 0.19026774
0.46935928 0.78956808 0.06728319 0.23724898
0.61339114 0.87949438 0.07662269 0.43751005
0.01082358 0.72144827 0.00776022 0.09147326
0.38445901 0.37385142 0.06417149 0.13381223
0.60230527 0.46156563 0.05884258 0.34362891
0.66626467 0.92496575 0.05796379 0.83877663
0.34347645 0.64029624 0.02006106 0.95851740
0.37203924 0.28388251 0.06450877 0.12587126
0.91984294 0.45909767 0.04381863 0.45894663
0.62000309 0.63697463 0.03684535 0.42024134
0.86547074 0.05607345 0.03614141 0.74253803
0.02863236 0.53377839 0.05619355 0.60221366
0.50618580 0.37500760 0.03244163 0.51025983
0.34494873 0.94851351 0.01562317 0.59876597
