109
0.55533611 0.68024839 0.03241992 0.02134531
0.00868551 0.30677053 0.11921444 0.99247048
0.55794274 0.00175649 0.00914341 0.69915280
0.88753882 0.45436557 0.04642414 0.01685183
0.23788272 0.30603092 0.09783695 0.79837674
0.21573395 0.29543037 0.02285110 0.19019243
0.30454154 0.83852553 0.12763424 0.15396112
0.80654099 0.16972463 0.03292640 0.97200525
0.35088719 0.31683272 0.01875022 0.77078703
0.34279775 0.26174451 0.12725251 0.42379039
0.03641075 0.52822332 0.03990188 0.77687837
0.86582497 0.38459923 0.07167118 0.97753292
0.05801753 0.60169019 0.05504034 0.66076000
0.65733142 0.80961716 0.08169803 0.20117532
0.10421729 0.14309077 0.11214335 0.18574407
0.71501518 0.91954014 0.09829169 0.83760785
0.05642277 0.57388922 0.11334058 0.59971580
0.42243755 0.25680841 0.10078906 0.77288324
0.46151958 0.99029978 0.06266589 0.25186304
0.32891733 0.85637695 0.11500575 0.56205681
0.11726226 0.94948659 0.00070434 0.43011347
0.46826799 0.00938045 0.02832957 0.81322466
0.81094233 0.21696648 0.11033913 0.36035634
0.54762123 0.70977271 0.03742349 0.35601904
0.17543386 0.21922573 0.10452772 0.68136289
0.49423213 0.58190808 0.12672133 0.60091118
0.21758679 0.30849175 0.02417502 0.72589195
0.26630760 0.44382386 0.11557777 0.45591588
0.76103623 0.72232552 0.04994751 0.70478704
0.36897947 0.66642185 0.11627239 0.24892411
0.75682709 0.37962144 0.11004439 0.91574759
0.89763533 0.72862485 0.11865614 0.39929995
0.12802519 0.26263400 0.09026056 0.86121773
0.77360005 0.43624695 0.08156421 0.89720210
0.39467151 0.33987126 0.13008160 0.08632877
0.02375985 0.23532700 0.08741334 0.17880673
0.15799114 0.60856740 0.01400756 0.23038349
0.72694175 0.30505942 0.10532033 0.08827435
0.28754201 0.46670194 0.00848429 0.36475544
0.54776788 0.44907886 0.11936414 0.29765436
0.49176234 0.23948884 0.01039077 0.23491307
0.92151520 0.85374443 0.10575859 0.59343319
0.22038658 0.45630963 0.07475240 0.14339499
0.88450278 0.50189531 0.10795793 0.30472508
0.53328548 0.37506733 0.00093065 0.67579541
0.55387088 0.65471841 0.09382789 0.94465515
0.39931873 0.87619976 0.01465730 0.84590163
0.89091199 0.70481991 0.12461030 0.41377576
0.24310349 0.38567330 0.05840630 0.09130445
0.44731512 0.30274201 0.07291615 0.61733322
0.01507164 0.48276541 0.05878519 0.82075028
0.96175733 0.39824808 0.01541696 0.13858277
0.54754151 0.58473802 0.11495209 0.65869217
0.49398051 0.57137271 0.07907273 0.87256885
0.15764007 0.11686096 0.10359063 0.93118956
0.91987563 0.62527022 0.10782824 0.79425311
0.31114864 0.91053389 0.01273044 0.34883824
0.27156678 0.14844792 0.11834646 0.83675678
0.85789931 0.18496591 0.00268278 0.64159692
0.55145770 0.85855238 0.02457036 0.22843801
0.43275651 0.06366364 0.04371708 0.85767380
0.45387589 0.72423609 0.10267202 0.14844312
0.77515674 0.14993170 0.12404680 0.66212820
0.26326618 0.96452358 0.10031007 0.23719573
0.27905826 0.52476864 0.07499120 0.89659524
0.72823744 0.61425022 0.07659612 0.67872285
0.87775074 0.20378962 0.08153892 0.34655170
0.05802735 0.73430201 0.12044206 0.32599429
0.99736402 0.98997174 0.03864531 0.26418159
0.84101793 0.25670746 0.00583062 0.59421434
0.08556338 0.80677640 0.07948493 0.17634668
0.88846798 0.63177675 0.06447390 0.23523305
0.06554355 0.59530356 0.05356534 0.15600978
0.73949571 0.59634218 0.09665427 0.69494141
0.93162499 0.11532078 0.01357236 0.36161413
0.23981024 0.45890876 0.09643175 0.30225113
0.26933009 0.91165342 0.07292849 0.92379428
0.04244268 0.24093608 0.09032578 0.77935850
0.49052420 0.39836042 0.08515048 0.10461543
0.94553970 0.80404088 0.06086669 0.32342252
0.89628953 0.08972752 0.10868507 0.36537802
0.22892989 0.35737365 0.08063708 0.60160709
0.01400267 0.37984968 0.04118564 0.37442488
0.96525986 0.70572317 0.06831884 0.36398925
0.14672111 0.15994375 0.12825117 0.15141779
0.08649583 0.29277819 0.05010577 0.89214303
0.08207648 0.32414176 0.10496742 0.55081825
0.56202897 0.78033873 0.04902612 0.03060177
0.46830982 0.16118197 0.06909879 0.81345936
0.90053576 0.09165401 0.12558463 0.10636662
0.72311432 0.79133178 0.01922224 0.98173047
0.02719480 0.55512464 0.07304902 0.90199265
0.15087247 0.07446610 0.12939102 0.22106051
0.64545501 0.45516777 0.11511512 0.38780326
0.82609704 0.20782577 0.10541887 0.12157209
0.50223656 0.58854197 0.04581542 0.14021513
0.98812875 0.96311050 0.09626513 0.71453920
0.24439173 0.35666970 0.09051244 0.13923304
0.66131928 0.23229572 0.11969397 0.41390435
0.35350300 0.05055981 0.08565093 0.45175819
0.50530454 0.26796522 0.10577820 0.88085262
0.02889583 0.79501744 0.08044366 0.53130444
0.04196244 0.20355002 0.00138451 0.74677734
0.54906044 0.09077461 0.11709863 0.32945986
0.79122225 0.11590953 0.00190062 0.56977981
0.38661263 0.64082321 0.10535058 0.35321406
0.34181231 0.33803821 0.12861917 0.03175805
0.04160355 0.03206379 0.00749894 0.63998023
0.43046330 0.26668313 0.11094720 0.63397170
