256
0.88889176 0.24309811 0.07177355 0.58068268
0.40790054 0.72627660 0.00499578 0.93852572
0.23793697 0.75312634 0.11126055 0.06096484
0.68686222 0.86174509 0.08922897 0.12529911
0.93636426 0.32541267 0.00905513 0.46165382
0.57630343 0.15230842 0.04729190 0.30071758
0.17211455 0.28732320 0.06700242 0.62688594
0.28051031 0.65452904 0.06080567 0.46486735
0.31375498 0.47096565 0.04939007 0.02877008
0.75768007 0.83906984 0.06184526 0.86959142
0.37651532 0.24369957 0.04248534 0.72566255
0.75516965 0.49747333 0.03180601 0.44109070
0.49805342 0.68169946 0.02344473 0.41175332
0.82690709 0.27274490 0.12552194 0.08434557
0.09634911 0.66642323 0.00750894 0.16248334
0.77176546 0.43163545 0.10618648 0.71506030
0.00098790 0.86148116 0.03770967 0.04891794
0.56587416 0.59739495 0.00139691 0.87343967
0.63085985 0.11147445 0.04314270 0.95128374
0.89388306 0.85651056 0.07431820 0.33090423
0.83685163 0.61315298 0.03651215 0.62211300
0.24632123 0.51520582 0.08418553 0.83869739
0.24421563 0.32112353 0.11166698 0.28696353
0.10992072 0.64586807 0.07561667 0.25256322
0.94186376 0.58831155 0.08660136 0.97569286
0.23750940 0.62973497 0.05272063 0.26976398
0.64114884 0.32778329 0.09309734 0.95252363
0.89257563 0.64542749 0.12667845 0.15205669
0.69470255 0.38199909 0.10009373 0.02435604
0.44356493 0.85224276 0.03582880 0.19540286
0.92429540 0.92933196 0.04138362 0.59316863
0.95297536 0.31644346 0.03407569 0.55384428
0.85900502 0.25921543 0.03287148 0.24821447
0.51139970 0.82309160 0.01353764 0.19191175
0.28279462 0.06423183 0.00725556 0.87215575
0.59034072 0.70703524 0.00250932 0.45719326
0.43152887 0.00448655 0.07520195 0.89364187
0.44638139 0.55574945 0.07864080 0.53374764
0.70016455 0.78249479 0.03998939 0.47137875
0.41434787 0.82150014 0.05591323 0.23106197
0.52042586 0.92056852 0.10480315 0.02524414
0.76195196 0.29126918 0.11639917 0.59426786
0.44150185 0.98186498 0.08432759 0.23125759
0.76269847 0.47353448 0.00452615 0.96955929
0.32351568 0.77932444 0.07605680 0.35783901
0.20188708 0.65171910 0.07030957 0.61477890
0.60074752 0.72769415 0.04128775 0.78668523
0.37202140 0.37712616 0.09117236 0.49912139
0.74408012 0.61635056 0.09213796 0.67373360
0.69791971 0.81543821 0.10426660 0.87779742
0.09121765 0.17506076 0.08138193 0.34518729
0.94964855 0.35982067 0.12021455 0.35635080
0.69337566 0.97349739 0.09583036 0.37257580
0.77523259 0.74164330 0.00333413 0.10533103
0.92436624 0.92390608 0.03519863 0.92480687
0.29568176 0.17831313 0.11075614 0.56827400
0.96536268 0.74244631 0.04540830 0.19808984
0.65608045 0.74739444 0.03027884 0.96955227
0.51985551 0.23467011 0.01367919 0.84995561
0.82180019 0.50574949 0.11805450 0.57501834
0.77181127 0.76785032 0.08974549 0.22477275
0.76825955 0.40375324 0.09495127 0.04309798
0.54366485 0.17539103 0.10807930 0.55394004
0.65634253 0.13086093 0.05707237 0.87942710
0.19931505 0.04622584 0.04663513 0.13549193
0.57338984 0.26289432 0.04432046 0.16600863
0.24449827 0.66721781 0.09441708 0.11482647
0.86689850 0.25929573 0.02469228 0.64386707
0.60639923 0.20071752 0.02290278 0.30727697
0.03680205 0.82932364 0.10992737 0.62592769
0.09354929 0.79394401 0.07940708 0.48084850
0.28774929 0.93989260 0.10106416 0.69035156
0.46656179 0.62578163 0.02055761 0.30637317
0.12215979 0.43067048 0.03245522 0.87927075
0.91772888 0.61647081 0.00536948 0.79203830
0.00868277 0.35128988 0.09121790 0.23798730
0.24656897 0.36054531 0.05804500 0.28410430
0.40925918 0.06017608 0.11241697 0.51850644
0.60494748 0.97479991 0.11585820 0.45503031
0.74454120 0.91601066 0.04907504 0.43994610
0.99166780 0.42645529 0.08881351 0.52942974
0.68334307 0.55527189 0.03206188 0.55103561
0.12240346 0.50731136 0.09500240 0.68470254
0.72222716 0.61133788 0.09167466 0.64054778
0.21445604 0.01377176 0.08175522 0.77857086
0.03584152 0.37428762 0.01691403 0.48417216
0.12522324 0.32459658 0.11924004 0.90499261
0.39769523 0.60687548 0.09227017 0.83184356
0.89654216 0.75852368 0.02553459 0.64977282
0.45332145 0.14586154 0.11605783 0.40240716
0.18323855 0.91888767 0.04356216 0.42289023
0.51967999 0.65199076 0.00885956 0.96587665
0.17706172 0.89658259 0.04420335 0.44955744
0.19968603 0.26519256 0.06092732 0.27486381
0.84813552 0.53896873 0.05059456 0.51827991
0.55723745 0.78579229 0.00031897 0.92026615
0.34722508 0.29219964 0.02340760 0.22421897
0.62668018 0.02232109 0.11531197 0.09175978
0.13085901 0.17519297 0.00900342 0.88506505
0.68479697 0.65308798 0.02380985 0.96005745
0.19076796 0.81756352 0.07703421 0.31857618
0.14104017 0.84861005 0.04362123 0.71118033
0.46344753 0.45707409 0.07409883 0.95252200
0.26517513 0.48079829 0.05040041 0.98890895
0.17398605 0.22572482 0.04663286 0.27912023
0.20894099 0.93381285 0.09256120 0.45783604
0.63348375 0.78534137 0.12256092 0.45700084
0.68382356 0.61565344 0.02889093 0.90781378
0.86423035 0.86019063 0.04211165 0.47341145
0.89181841 0.33074640 0.10913306 0.81356320
0.84256021 0.52384975 0.04270389 0.04636730
0.42370395 0.14175499 0.04406291 0.08536078
0.13821792 0.44360075 0.08450749 0.49319915
0.87518548 0.81943403 0.02820067 0.92336103
0.70749854 0.05361481 0.02283808 0.42458431
0.06197626 0.58508451 0.02399981 0.10455318
0.60405106 0.81576288 0.11412880 0.72518583
0.36297871 0.02579226 0.04566755 0.14175491
0.93671330 0.59366429 0.03422094 0.56114873
0.41143599 0.70778398 0.11821777 0.66917123
0.95729766 0.44183709 0.09001167 0.74154416
0.84896585 0.62470996 0.08252130 0.22410712
0.54508021 0.82779814 0.01852824 0.16875166
0.78764048 0.43659655 0.11135227 0.54147678
0.54595844 0.80227348 0.00275403 0.54195942
0.39548603 0.14076556 0.08968860 0.23361652
0.81133345 0.84070292 0.11687012 0.40831721
0.99518091 0.37959226 0.06837494 0.98374090
0.72392870 0.71482916 0.07737968 0.07257054
0.15510331 0.52082034 0.10511352 0.79718502
0.86921842 0.84491155 0.04742131 0.89968807
0.61386306 0.02421907 0.05098004 0.67568749
0.46506874 0.03073528 0.01905809 0.33542341
0.12023716 0.34607061 0.07580173 0.93097021
0.33022714 0.33180332 0.12278245 0.68717332
0.70289912 0.44750614 0.01929667 0.60650424
0.48293928 0.79584990 0.12190337 0.87932161
0.48597649 0.57087889 0.03512687 0.63114708
0.64758183 0.61722779 0.06285837 0.02551738
0.83760961 0.03090043 0.11648797 0.28340519
0.29884410 0.99093912 0.02023741 0.02983494
0.75804353 0.74158501 0.00495256 0.17371645
0.59619810 0.84141710 0.02796894 0.22399414
0.71807105 0.31524747 0.12541359 0.97617739
0.31079096 0.36542059 0.01878348 0.58158064
0.45662248 0.11462566 0.04393049 0.17199706
0.25816161 0.66004858 0.06287010 0.35460756
0.83382830 0.02365431 0.01701418 0.62420942
0.75129985 0.53781104 0.06177184 0.21820207
0.69245460 0.94001791 0.09552084 0.44951400
0.03926599 0.07672899 0.01656502 0.70455495
0.79380230 0.69524018 0.03083463 0.17949860
0.54774712 0.05606100 0.00153138 0.59903592
0.47975609 0.52243859 0.05999741 0.93852249
0.76014679 0.06965900 0.12206305 0.94398073
0.55059561 0.88129280 0.11012491 0.92059982
0.19246096 0.46571717 0.08555801 0.76625105
0.57416357 0.08060793 0.03447052 0.10167557
0.18202414 0.38411271 0.04727975 0.87211315
0.00459006 0.19221291 0.01596807 0.39527511
0.07467290 0.39886707 0.12391581 0.47833558
0.95027169 0.05486699 0.06719222 0.37508701
0.69627777 0.60450266 0.12200488 0.29601902
0.16126200 0.30830601 0.12277953 0.89291419
0.76156580 0.61863377 0.08705185 0.66668814
0.55963800 0.42097151 0.06169519 0.26455622
0.94970186 0.41620660 0.08059641 0.17198315
0.27178232 0.80965394 0.01865507 0.83183893
0.64033391 0.11700500 0.00291552 0.17786690
0.98584145 0.89458462 0.10375861 0.03851597
0.15504138 0.33037307 0.02528648 0.64238081
0.03719623 0.14498446 0.12361443 0.89891669
0.82229009 0.01683142 0.10512414 0.97347135
0.90739336 0.28417828 0.09297256 0.83624109
0.09640671 0.86711989 0.06721153 0.89987327
0.74249852 0.74959164 0.06870252 0.80577901
0.93303185 0.95581126 0.09057851 0.35223817
0.71211701 0.88145309 0.12676799 0.34159309
0.78706619 0.14380186 0.05184271 0.87323347
0.99081095 0.30230116 0.08057344 0.58673110
0.52462481 0.60887390 0.06484992 0.98221984
0.09843125 0.55762830 0.09354118 0.28515660
0.34916831 0.84023976 0.06429529 0.76927127
0.19797453 0.18806266 0.05422054 0.14716616
0.00320627 0.01667214 0.06447612 0.81416048
0.85355615 0.18324497 0.11059002 0.94001831
0.63814260 0.09546882 0.11187452 0.13895889
0.67651454 0.79696720 0.00864666 0.48981852
0.42927023 0.22641437 0.09394542 0.75127730
0.92584710 0.13547925 0.12505240 0.73976242
0.25721321 0.91129396 0.00595759 0.51325983
0.30331010 0.15585857 0.08501258 0.33844911
0.72687022 0.16399433 0.08531456 0.73418146
0.95226726 0.17344723 0.03263998 0.02739283
0.08181326 0.70906141 0.04363003 0.87882309
0.08540604 0.16429683 0.01162861 0.20752229
0.46981735 0.95456522 0.07098402 0.64572974
0.06784518 0.97039600 0.06634698 0.46807700
0.51936977 0.76186578 0.00872055 0.53287091
0.67138440 0.95786089 0.04422950 0.50287761
0.92013836 0.26940706 0.12635831 0.69382186
0.32971202 0.68417309 0.02520916 0.58884254
0.33917838 0.70338743 0.00381733 0.40272943
0.20080285 0.66170403 0.11582000 0.40332281
0.48734914 0.96807416 0.04530247 0.83460901
0.69715817 0.42345463 0.12176237 0.10342529
0.58955245 0.58238277 0.04466781 0.24899657
0.46228526 0.43288170 0.04980388 0.35770806
0.28171266 0.98231406 0.00340344 0.07140485
0.19738969 0.79281303 0.12147599 0.63061499
0.20161571 0.66249083 0.10786989 0.19467293
0.59045947 0.43511432 0.11133081 0.34792372
0.35760995 0.10506633 0.03364986 0.81097051
0.41724636 0.22451865 0.00667928 0.37972657
0.73697347 0.24001322 0.08026065 0.15884323
0.06636760 0.61193327 0.04313681 0.86355618
0.60552024 0.04593776 0.04532814 0.66958504
0.55126235 0.46457051 0.06169730 0.42179498
0.73137864 0.05353303 0.01975865 0.47158542
0.35586045 0.62943830 0.05925435 0.07161134
0.19903134 0.04124886 0.03548426 0.29215543
0.81439428 0.98856724 0.10507064 0.44762067
0.12443191 0.79746434 0.01209097 0.99243172
0.58626155 0.67881282 0.05939101 0.83039610
0.43655874 0.14821902 0.00145045 0.58845680
0.37004575 0.90434630 0.02018909 0.98775678
0.26804189 0.12329581 0.12106267 0.79430858
0.87910673 0.10857711 0.07036068 0.98735695
0.67638165 0.65600089 0.04478498 0.23276447
0.38212443 0.99136954 0.04939146 0.35946759
0.68486880 0.98581978 0.06609820 0.53018781
0.87260989 0.44289203 0.00364343 0.65640767
0.20739815 0.68949061 0.10221600 0.13194786
0.27796478 0.82605666 0.06577507 0.01795224
0.11017408 0.37708141 0.03207313 0.53552290
0.23557228 0.09084264 0.04050925 0.22206707
0.66924690 0.85993625 0.07484196 0.80110696
0.91340519 0.71394995 0.12230682 0.49643614
0.89876659 0.84538593 0.03762020 0.35351376
0.23720124 0.30328941 0.01819279 0.93116514
0.52866347 0.89724353 0.03911723 0.48272579
0.43557382 0.66516161 0.02111535 0.96466589
0.77196659 0.00371794 0.04558891 0.59577532
0.55928957 0.62790692 0.06977962 0.57093462
0.29933769 0.09996368 0.06123304 0.07241388
0.98760719 0.46567010 0.09436753 0.60670191
0.81772720 0.07756761 0.08773077 0.11797733
0.11116232 0.30455380 0.05909014 0.19162067
0.54094289 0.30324107 0.07284851 0.62492655
0.83163728 0.79955343 0.03692913 0.07812104
0.36227045 0.12576216 0.01702027 0.26115777
0.13442141 0.55513439 0.03865079 0.59679545
0.86743456 0.51642011 0.06952614 0.39935459
0.69904334 0.18105041 0.10481965 0.81872187
0.44835320 0.41368013 0.08720756 0.99180998
0.08137730 0.13017332 0.00977850 0.82579642
