100
6 2 8 29 20 8 18 18 21
18 0 5 10 11 11 12 6 1 11 30 12 12 12 24 11 12 0 11 11 22
32 5 2 3 19 3 27 3 0 7 2 24 24 29 2 3 2 7 3 2 15 22 3 4 18 0 2 29 2 29 3 27 25 0 3
35 35 8 27 27 9 7 9 6 9 13 5 17 13 4 8 14 4 4 6 12 24 16 22 22 14 22 19 10 9 21 12 25 25 6 26 12 6
99 9 6 17 15 14 17 2 15 2 18 11 15 24 24 27 29 25 15 15 12 22 0 15 15 15 22 17 3 15 25 14 22 0 14 15 15 19 24 25 9 9 30 13 14 20 14 1 7 15 15 25 5 24 3 14 28 14 8 14 15 14 2 14 6 28 14 3 15 15 14 8 15 14 15 16 15 14 15 14 15 7 15 15 1 15 13 15 28 15 14 15 30 15 9 20 18 15 3 15 15 14
24 5 7 18 18 17 17 10 11 7 18 18 22 18 18 17 18 18 18 18 17 17 8 0 17 23 18
88 34 9 28 17 11 14 5 21 0 8 20 5 9 8 6 7 21 29 10 16 30 17 26 11 0 26 27 21 25 18 5 1 23 4 9 12 23 14 11 26 4 23 17 22 22 14 0 8 13 8 25 25 28 19 27 28 26 28 22 9 29 7 11 1 21 0 22 16 7 22 28 10 8 26 19 9 7 1 8 16 0 21 22 1 13 14 14 12 11 21
81 81 3 8 25 4 28 27 23 7 26 26 8 2 9 18 7 23 25 6 4 28 21 13 7 16 15 25 15 19 26 24 4 5 9 23 8 16 18 20 2 10 18 18 17 26 4 13 10 12 19 12 14 10 3 5 21 23 6 18 27 5 24 23 14 22 10 28 26 17 17 24 21 11 23 18 12 15 25 5 2 9 27 21
8 4 10 12 24 23 9 10 25 12 10
7 6 8 6 3 24 3 26 14 2
19 12 0 26 21 9 8 25 5 25 5 5 18 9 24 19 18 30 8 17 5 26
6 6 3 27 22 20 13 23 28
23 0 3 12 4 23 19 23 11 2 30 4 14 29 3 7 16 1 15 13 20 9 10 19 25 28
53 22 9 24 23 23 7 24 9 23 23 27 24 24 23 2 23 23 24 24 11 24 4 24 24 26 23 20 24 4 28 23 2 6 24 29 26 24 23 25 23 9 23 20 23 24 19 24 24 23 28 14 26 17 6 19
82 7 9 13 24 7 24 19 22 23 24 28 23 24 25 16 1 13 24 23 5 24 17 23 23 23 26 24 23 24 3 12 12 10 23 24 24 16 26 21 23 16 23 24 2 27 23 16 30 24 0 23 24 24 0 8 23 13 24 28 24 23 13 2 24 24 23 23 24 24 23 23 23 24 7 23 24 23 23 10 23 23 22 8 23
70 20 2 29 8 28 3 3 23 3 2 18 2 3 21 3 4 2 20 25 3 0 3 14 9 23 3 0 2 22 6 23 7 6 13 2 2 8 3 3 8 2 3 2 2 29 23 3 3 8 11 6 2 3 4 3 23 3 9 10 2 3 2 4 2 2 2 22 2 0 22 1 2
88 19 9 11 24 22 0 23 18 23 24 6 27 3 24 23 7 24 23 24 23 24 2 23 24 23 24 26 6 21 24 26 23 23 24 13 23 24 6 24 24 22 21 23 10 23 24 23 24 26 7 23 24 24 9 25 29 4 23 24 23 23 23 19 24 23 24 28 12 2 18 16 23 10 13 24 23 13 24 10 23 19 24 28 23 7 23 26 25 23 3
82 28 6 15 14 12 3 15 14 15 5 14 22 1 1 15 13 23 14 2 17 11 14 15 14 14 14 21 15 29 14 14 15 15 10 15 13 7 12 14 3 3 14 14 15 14 16 14 6 15 11 9 5 15 15 14 20 14 15 15 14 30 14 14 14 14 20 17 14 28 19 27 15 3 10 15 14 1 15 2 14 13 20 20 14
18 0 10 30 30 30 30 30 30 30 30 30 30 30 30 30 30 30 30 30 30
9 1 3 5 6 20 10 11 5 9 6 5
86 15 5 17 23 0 27 11 22 25 11 12 12 12 11 12 13 12 5 15 7 12 14 12 17 11 23 12 10 8 11 0 17 11 11 15 12 12 5 24 12 12 24 12 12 25 12 5 26 12 15 12 20 29 11 12 6 10 11 30 12 11 11 12 30 6 11 29 12 4 11 28 11 11 3 17 0 9 20 14 11 16 18 18 1 10 15 11 12
10 0 6 30 15 14 14 6 14 15 19 4 0
31 22 6 23 27 13 20 0 1 21 25 27 22 15 20 16 10 16 7 9 5 15 2 8 11 29 28 9 16 14 6 19 22 28
97 0 5 30 18 25 29 11 30 28 18 22 11 11 12 15 11 3 19 10 28 26 8 28 7 16 12 24 29 29 20 17 6 13 3 2 4 17 24 4 22 0 27 19 15 1 9 7 8 12 6 8 6 15 14 21 1 21 1 16 0 13 5 20 21 18 7 1 5 5 0 12 5 1 0 2 15 15 2 29 19 4 30 25 7 13 8 27 28 27 12 30 22 28 10 14 25 5 15 12
22 9 8 21 20 21 20 20 18 0 21 21 21 20 21 20 20 21 20 20 20 4 20 19 6
69 4 7 17 17 18 29 17 18 17 18 28 17 4 18 0 11 19 7 25 20 24 11 23 18 30 13 20 17 13 18 24 18 19 19 17 29 25 17 18 18 8 18 17 27 17 17 6 17 22 22 4 2 19 30 12 20 4 18 14 17 5 17 23 18 17 17 22 18 17 18 25
19 0 6 8 1 30 15 10 5 29 11 9 22 11 10 24 20 25 15 30 26 16
90 12 3 24 5 28 5 15 6 5 8 5 6 5 28 5 0 23 28 6 7 0 29 19 6 5 3 6 5 6 5 14 5 4 6 2 5 5 25 5 5 22 5 5 7 5 6 5 5 30 20 26 30 3 26 15 11 1 1 5 18 23 25 6 5 10 26 6 8 5 6 6 6 29 9 6 6 6 5 6 3 27 5 5 28 22 27 6 5 6 5 19 5
11 4 3 6 5 5 30 30 5 6 5 26 17 6
46 24 9 11 16 21 8 10 22 22 14 4 11 20 0 29 15 30 11 26 12 29 14 22 15 11 9 9 21 6 19 28 19 30 27 25 18 26 21 11 14 18 16 4 2 0 29 14 24
33 20 2 15 19 17 8 18 8 14 30 13 23 3 30 7 2 26 22 25 2 8 4 24 8 22 7 29 10 2 19 6 30 18 27 24
61 61 7 14 3 18 17 28 7 18 25 28 6 27 11 13 25 17 4 17 4 15 6 3 20 12 10 28 13 9 7 12 19 6 15 14 7 13 6 5 16 25 5 8 22 19 6 3 14 19 4 4 25 19 26 5 10 20 8 27 19 19 3 8
45 32 10 2 15 27 8 21 4 14 29 17 12 17 13 26 25 25 21 15 6 20 19 1 1 24 30 3 29 11 4 15 15 3 30 23 10 3 14 18 27 1 2 3 4 0 23 15
98 98 1 27 10 15 19 7 23 16 18 9 8 21 6 25 10 14 6 19 24 11 6 20 13 28 15 16 27 10 6 8 12 25 13 9 19 12 10 22 28 28 10 13 20 14 3 16 19 7 17 16 15 6 4 8 23 28 26 12 18 5 3 8 20 18 2 11 27 26 27 6 11 15 12 7 4 16 5 2 9 25 4 23 18 3 4 6 14 14 8 20 20 8 26 25 28 8 15 3 17
16 0 4 8 2 8 19 7 9 8 9 9 1 9 5 8 9 1 9
50 20 8 28 21 20 20 20 21 22 7 7 21 26 21 12 22 20 24 21 21 13 24 4 20 25 20 20 20 1 8 1 21 21 20 2 20 15 19 21 17 10 26 20 21 2 20 20 21 21 28 20 18
98 71 9 14 16 13 3 2 28 25 24 8 4 9 1 17 28 2 11 9 13 0 12 20 22 0 25 5 26 26 17 14 24 29 12 23 16 19 3 24 1 23 25 27 12 24 5 5 3 1 15 28 7 3 27 23 29 24 26 18 24 7 14 4 4 5 7 11 9 7 3 23 26 14 7 22 15 18 23 5 26 24 18 19 25 1 30 15 12 13 9 29 7 27 25 9 16 7 14 20 6
84 0 5 6 26 5 24 20 11 30 30 29 30 2 17 10 7 8 15 18 3 16 6 0 24 27 14 13 1 10 13 17 15 6 0 12 2 29 25 16 16 14 6 18 18 10 17 11 5 6 16 18 18 30 23 27 25 29 4 17 11 24 24 2 11 29 10 4 2 27 23 11 29 4 21 29 5 11 27 28 16 22 12 26 3 1 7
1 0 6 25
100 45 5 20 16 28 23 12 20 11 12 23 12 12 11 12 11 15 12 26 11 11 8 11 12 11 12 12 12 0 12 11 1 30 11 4 12 9 2 12 21 11 12 26 12 11 30 3 11 12 12 12 12 11 22 12 11 27 12 11 13 12 13 4 11 20 12 9 24 12 11 4 11 11 11 16 11 28 29 11 11 11 9 12 2 4 12 29 11 12 11 17 11 12 4 23 12 11 24 11 11 11 4
67 0 8 13 3 17 14 19 20 3 17 20 14 3 27 22 17 28 3 17 6 11 8 8 4 22 18 14 4 10 17 27 3 28 17 19 15 21 4 7 17 1 5 11 0 30 6 7 16 28 9 8 23 12 6 10 16 16 25 19 15 17 20 6 5 28 11 27 26 21
14 14 0 24 23 15 27 4 7 11 27 27 21 19 17 28 15
2 0 3 15 19
53 23 2 28 28 5 8 1 6 21 12 29 23 24 27 8 2 25 23 0 23 25 3 9 21 20 28 11 6 22 20 19 23 24 20 11 10 0 11 26 26 9 11 27 23 24 26 11 8 29 19 1 9 16 28 11
17 6 3 11 6 29 30 0 12 13 10 15 29 2 26 15 27 9 7 26
81 34 3 5 6 0 5 24 6 6 25 1 8 29 16 16 20 14 6 21 6 22 6 6 5 10 5 23 5 20 5 6 6 25 28 6 24 4 10 5 6 18 30 5 23 5 5 4 6 6 5 6 10 5 6 5 21 6 1 24 23 6 6 6 6 5 25 5 5 5 5 30 9 20 8 5 5 5 6 11 28 29 17 7
64 36 6 17 23 12 4 9 12 2 27 9 25 8 2 18 13 0 3 15 3 10 10 16 25 29 18 8 6 30 14 24 7 24 7 10 29 20 18 5 25 2 23 18 6 4 25 19 22 14 22 29 18 1 29 1 11 26 24 27 16 16 22 13 5 21 11
11 11 7 7 13 24 6 12 26 20 18 12 12 14
28 28 8 11 22 3 8 18 17 15 17 6 3 27 9 26 4 2 15 12 21 2 23 21 15 5 4 26 17 12 13
90 0 0 0 0 0 0 0 0 0 0 0 0 0 0 0 0 0 0 0 0 0 0 0 0 0 0 0 0 0 0 0 0 0 0 0 0 0 0 0 0 0 0 0 0 0 0 0 0 0 0 0 0 0 0 0 0 0 0 0 0 0 0 0 0 0 0 0 0 0 0 0 0 0 0 0 0 0 0 0 0 0 0 0 0 0 0 0 0 0 0 0 0
12 3 5 12 1 12 12 12 19 13 12 11 12 12 9
5 0 5 14 10 5 3 22
90 33 8 27 0 21 20 5 8 20 29 23 1 18 8 22 23 16 6 15 17 6 3 26 14 30 7 7 21 0 23 4 1 8 10 16 20 15 11 17 29 1 25 16 22 15 15 25 15 7 11 5 21 19 8 1 5 24 8 29 18 21 29 22 16 30 2 11 0 14 18 11 16 7 20 24 25 15 20 2 8 29 8 25 24 27 1 24 23 2 24 16 16
17 14 1 8 18 23 8 14 8 4 12 0 13 13 11 16 9 18 21 5
2 2 3 17 16
1 0 6 0
11 6 8 3 12 2 5 0 27 29 9 13 1 26
70 70 0 8 17 9 24 2 12 14 7 4 7 7 11 28 7 23 8 28 9 19 4 9 4 3 5 17 16 6 8 9 22 3 10 3 28 2 2 13 21 17 11 5 4 15 15 12 3 21 24 18 16 15 28 20 18 26 10 18 21 19 27 21 20 25 3 28 10 14 11 4 18
67 48 6 12 18 29 14 27 17 16 19 7 17 25 29 19 24 10 26 12 25 15 5 16 8 8 28 7 29 25 16 15 15 15 19 8 11 8 15 2 26 22 23 30 0 14 29 28 7 10 25 2 14 12 30 28 28 16 11 6 2 26 29 24 5 13 10 30 28 15
48 14 4 9 13 11 24 8 8 8 8 23 13 8 9 15 15 16 8 9 8 26 10 9 8 13 16 24 4 8 9 8 11 9 3 8 9 11 13 9 3 25 8 20 30 21 9 7 12 9 10
8 0 2 5 24 26 10 23 21 20 17
71 0 6 19 7 26 6 21 7 0 20 14 25 20 16 2 24 10 25 7 4 9 8 18 24 12 8 18 8 4 27 0 5 28 14 24 15 3 13 2 17 29 13 2 2 13 11 17 11 11 22 6 16 20 13 2 2 28 7 1 1 9 5 26 19 24 10 19 2 2 19 29 23 25
9 4 9 23 22 24 24 13 24 2 24 11
52 52 0 23 11 18 22 17 22 6 23 24 7 28 15 7 17 5 13 27 23 12 21 17 16 22 22 15 21 19 21 17 5 26 4 18 12 8 4 10 7 20 21 9 22 6 27 19 23 15 23 14 26 15 20
29 11 6 15 4 1 16 24 15 23 15 15 14 12 24 23 9 15 15 14 0 14 14 6 8 14 7 14 9 21 18 15
14 0 0 30 30 30 30 30 30 30 30 30 30 30 30 30 30
6 2 6 29 10 24 16 9 3
5 0 4 6 27 30 9 18
42 4 7 13 17 29 14 18 16 18 18 18 21 11 17 25 12 15 13 18 18 21 21 29 17 17 17 18 4 8 17 17 21 0 17 11 17 17 1 22 18 0 17 2 17
66 0 4 25 7 30 9 18 23 14 16 11 0 16 27 30 7 25 13 9 18 0 21 23 1 12 9 24 19 30 7 30 6 6 16 28 23 19 28 20 5 20 14 15 25 22 13 2 15 21 0 2 30 20 22 4 26 19 21 17 14 1 23 1 10 12 19 24 16
3 0 2 16 16 7
14 0 3 8 8 27 23 6 17 28 25 1 22 15 24 29 29
68 30 6 14 14 15 14 14 15 14 5 8 14 15 9 3 14 15 14 15 3 14 20 14 26 15 1 17 11 15 21 23 14 15 9 0 15 15 27 7 15 14 14 22 15 9 14 23 1 15 22 14 15 15 23 15 15 14 18 15 14 20 12 14 14 15 21 1 13 15 5
4 0 1 0 0 0 0
100 0 5 29 11 17 15 9 29 1 30 20 23 13 16 23 14 20 3 0 21 25 4 15 11 0 29 6 22 13 18 19 9 19 0 17 30 15 30 29 20 10 13 23 5 12 22 17 26 29 1 16 5 4 16 28 15 22 30 1 23 30 20 9 20 28 18 22 2 22 2 23 21 13 15 17 28 9 14 18 11 28 13 6 13 25 18 20 7 17 8 12 3 24 8 6 18 8 13 7 23 16 13
37 30 1 17 15 1 25 6 13 19 11 8 13 12 21 14 16 2 12 17 17 23 0 25 11 7 22 26 16 30 4 30 12 19 1 4 2 21 4 24
9 6 7 24 1 28 17 28 4 4 13 21
21 21 8 9 16 5 16 14 4 3 23 22 5 11 21 12 9 19 2 3 22 4 12 18
71 70 1 24 21 6 7 20 7 19 10 17 8 9 8 28 25 8 12 14 26 7 11 8 12 5 17 14 15 7 19 0 20 27 2 24 13 11 23 13 18 21 9 5 20 15 5 3 28 14 7 18 13 14 3 28 18 2 21 7 28 13 15 5 18 21 4 11 27 21 21 2 9 26
16 1 1 23 8 8 10 1 4 6 3 14 14 6 27 20 19 15 13
57 24 7 8 17 18 18 18 17 17 18 17 25 18 6 18 7 11 12 18 0 27 17 13 17 18 0 18 17 17 0 21 17 18 17 17 17 4 18 17 19 24 8 18 8 17 18 17 6 21 17 18 18 17 16 18 17 17 10 26
69 8 3 6 6 6 11 5 30 23 6 30 0 5 4 6 5 15 5 23 2 11 19 11 20 27 6 5 6 5 5 7 6 6 18 15 0 6 9 3 5 15 6 21 6 15 16 6 6 3 3 6 2 5 5 27 5 5 15 16 5 22 6 11 6 12 5 5 5 24 19 24
94 94 10 27 26 10 9 27 11 16 25 24 9 2 6 7 27 5 26 5 25 11 18 21 11 2 8 15 26 10 13 26 7 7 20 2 10 25 13 22 13 11 4 20 9 10 2 6 19 25 22 17 27 22 11 5 28 13 24 4 23 16 3 22 13 20 3 14 21 5 11 19 22 11 24 20 16 3 27 4 5 12 12 28 23 7 3 3 27 20 9 19 17 14 6 22 3
68 14 2 7 11 9 26 24 2 27 3 3 3 2 6 2 2 15 3 2 2 2 17 26 24 2 2 3 16 2 3 3 14 25 2 2 2 3 24 17 26 6 3 3 1 3 21 12 27 0 0 3 3 24 3 2 3 2 26 2 3 3 9 2 2 2 18 11 2 2 2
83 25 7 9 24 15 17 14 12 9 11 25 27 18 7 27 4 0 6 23 15 10 4 1 20 19 9 1 0 9 0 27 13 20 23 16 19 10 14 3 8 7 10 9 25 26 13 18 27 21 4 11 13 8 23 19 16 4 19 24 17 25 28 9 7 28 27 7 22 28 30 5 2 27 15 23 9 21 15 3 18 25 13 3 27 7
9 8 1 26 4 25 27 2 15 1 3 24
74 38 2 5 27 10 19 14 13 16 18 16 28 17 14 13 1 18 3 27 3 9 6 13 14 27 13 7 0 22 30 1 25 22 5 28 13 10 13 5 25 19 24 9 4 28 5 25 20 30 18 2 12 18 2 13 9 3 6 18 3 23 30 9 30 2 23 0 15 15 12 18 0 5 14 12 13
31 21 10 6 3 3 7 11 19 7 1 23 20 5 24 20 21 0 8 3 3 15 20 6 0 12 6 27 6 2 9 28 20 20
87 58 2 2 28 23 17 25 7 17 19 16 12 3 3 0 26 18 26 8 23 10 16 14 12 15 12 2 0 22 30 22 16 25 14 24 18 20 5 8 30 29 4 22 14 10 25 2 7 20 25 16 10 2 20 24 4 8 0 6 5 25 22 2 3 28 13 8 7 18 2 6 16 22 1 5 24 6 25 28 20 13 3 0 10 2 27 26 0 8
67 31 5 9 11 11 22 11 11 26 11 4 11 15 6 12 28 12 10 22 21 11 13 11 12 15 11 11 12 8 12 29 11 11 12 12 28 11 12 14 11 14 23 11 12 12 18 12 12 12 12 11 14 5 11 12 12 11 11 11 5 11 28 25 21 26 28 29 11 10
85 54 7 28 28 22 25 16 12 5 26 7 14 17 26 6 28 25 26 19 6 17 9 6 25 30 24 17 18 3 5 0 27 18 9 11 26 3 11 28 13 3 20 1 16 3 5 18 15 30 0 23 28 11 1 18 30 11 21 24 7 8 10 21 29 11 10 29 3 14 1 6 19 17 3 18 14 24 17 18 22 3 1 27 24 7 17 2
79 0 2 30 14 6 27 9 13 19 27 10 4 30 21 26 29 27 10 24 11 10 17 1 27 11 1 24 10 23 8 16 7 0 14 14 11 28 14 15 17 25 27 10 29 6 22 23 16 30 18 28 25 8 26 6 3 13 1 7 11 16 13 18 9 10 27 11 23 7 27 13 18 18 30 19 15 16 17 15 10 26
17 0 6 11 29 8 30 5 17 26 7 13 11 10 0 1 9 11 7 12
32 32 3 6 23 20 20 2 8 15 21 6 12 26 19 12 2 19 6 16 2 8 22 18 5 5 25 28 17 28 21 6 25 19 5
57 5 5 9 9 5 11 12 11 11 12 12 11 12 12 12 17 11 12 27 0 11 12 12 11 11 5 11 12 11 8 25 30 29 18 28 11 11 15 11 12 17 8 14 12 3 22 11 9 30 11 12 11 12 11 11 25 12 18 23
36 12 9 23 23 16 18 22 23 24 24 23 23 23 23 23 23 23 8 24 14 24 24 24 24 20 24 24 1 9 30 7 23 23 23 24 12 23 20
61 4 8 18 21 17 20 22 20 21 21 29 17 9 18 20 24 30 20 21 21 21 20 20 20 20 21 25 3 22 26 21 20 21 20 14 27 20 15 21 21 10 21 21 20 20 18 20 21 21 20 21 21 21 7 11 20 27 7 21 20 5 20 28
21 10 1 6 19 5 11 27 20 5 0 14 10 22 7 10 9 13 4 6 19 26 22 7
45 0 3 2 14 18 28 22 10 10 11 1 16 4 5 25 17 22 21 2 2 25 26 28 28 7 26 20 21 16 15 26 17 1 15 22 7 2 2 30 12 5 0 7 7 22 20 30
92 92 7 8 7 5 19 11 13 11 5 23 27 15 15 15 4 7 11 15 2 16 21 9 8 5 24 26 20 13 20 21 27 14 28 10 13 10 13 24 27 4 27 17 23 24 26 16 18 23 16 8 3 23 25 18 26 28 9 10 21 26 6 24 6 2 7 4 17 17 26 19 6 10 10 18 13 15 17 8 2 16 2 9 7 3 3 8 3 5 21 7 22 11 21
