100
3 1 5 15 13 11
3 0 8 23 22 21
1 0 6 26
2 1 6 23 26
3 1 5 19 18 11
2 0 4 15 8
3 0 9 24 15 8
3 0 4 8 9 9
1 0 4 14
1 1 0 28
2 1 0 5 22
2 2 2 9 25
2 0 3 12 0
2 1 5 12 12
3 1 9 23 24 23
3 0 3 29 12 10
3 1 8 20 20 13
1 1 5 7
1 0 4 9
2 2 8 20 27
1 0 2 2
3 2 2 5 19 8
2 0 3 12 14
1 0 6 11
2 0 5 19 12
3 3 1 20 5 24
1 0 7 2
2 1 2 2 2
2 1 10 27 27
3 1 0 5 8 18
3 0 4 2 12 15
1 0 6 9
3 3 9 3 26 14
2 0 0 7 26
1 1 3 6
3 0 8 23 2 21
3 0 5 6 16 30
1 0 1 11
1 0 0 28
1 1 8 18
2 1 4 9 8
3 1 0 20 22 1
2 0 1 0 0
1 0 9 25
1 0 3 29
3 1 10 26 15 21
2 2 6 16 26
1 1 8 11
2 2 8 22 23
1 0 4 8
3 3 3 18 27 5
1 0 6 14
1 1 4 4
3 0 4 29 9 29
1 1 2 6
2 2 10 16 5
2 0 2 23 9
3 3 5 24 21 24
2 2 1 25 17
1 0 4 15
2 0 10 30 30
1 1 1 19
2 0 7 18 30
1 0 6 15
3 3 9 12 4 26
1 1 8 28
2 1 1 0 4
3 3 3 26 27 24
3 3 10 9 24 12
2 0 8 20 0
3 0 9 23 0 26
3 3 10 4 3 19
2 1 9 20 19
2 0 0 0 0
1 0 6 3
1 0 4 1
3 3 3 8 3 21
2 1 3 18 13
3 3 1 20 7 14
2 0 5 11 25
1 0 3 6
2 0 0 30 30
2 1 10 27 26
1 1 8 7
2 2 5 9 13
2 0 2 6 13
3 0 5 18 16 8
2 1 6 24 2
1 1 7 12
3 0 7 17 22 5
2 0 0 0 8
1 1 3 12
1 0 5 28
2 2 9 9 7
1 0 9 24
1 0 0 27
2 2 9 10 4
1 0 8 11
2 0 7 1 22
3 3 9 9 24 7
