4
0.49 0.49 0.10 0.60
0.51 0.49 0.10 0.80
0.49 0.51 0.10 0.20
0.51 0.51 0.10 0.40





4
0.25 0.75 0.10 0.20
0.75 0.75 0.10 0.40
0.25 0.25 0.10 0.60
0.75 0.25 0.10 0.80


206
0.33351280 0.37588303 0.08937813 0.73084717
0.80782568 0.47300891 0.05776687 0.57155311
0.07626281 0.24656398 0.06793118 0.43953110
0.27209157 0.09209141 0.01120883 0.02465167
0.61287778 0.86721064 0.04336207 0.97452022
0.33538414 0.45680391 0.06544792 0.58044059
0.48539165 0.12917969 0.01398703 0.51052824
0.89090213 0.06367323 0.06424988 0.34965212
0.95235810 0.86076327 0.04213070 0.11192263
0.24454427 0.67387045 0.02204209 0.04035565
0.87706028 0.25905120 0.02070145 0.07835409
0.99216808 0.76066734 0.04674481 0.95145845
0.60112320 0.87898666 0.07964788 0.78218991
0.06070516 0.78730282 0.06692182 0.93168274
0.72303262 0.08926620 0.03403567 0.22936034
0.16885288 0.42935160 0.02712279 0.61147902
0.32847702 0.79641639 0.05550900 0.16823597
0.81509661 0.36389469 0.03361297 0.34171561
0.90594693 0.06911671 0.07794579 0.12284692
0.88243312 0.93428516 0.10333232 0.27855238
0.47566290 0.39667355 0.03413016 0.26549631
0.54808380 0.51790000 0.02902006 0.89621083
0.06400697 0.44919063 0.06584445 0.04941780
0.75177187 0.88111310 0.07152794 0.48470895
0.21645452 0.09016996 0.09791820 0.80468829
0.47713249 0.62727096 0.08871399 0.08267268
0.51402906 0.09406722 0.04994924 0.98631933
0.59537511 0.92823969 0.08673394 0.78368009
0.40323805 0.92813793 0.02654618 0.92771509
0.69423194 0.76906382 0.03513485 0.13721705
0.73038467 0.18398947 0.06859022 0.02295418
0.78177983 0.70754701 0.00070068 0.71836950
0.63520935 0.08509966 0.07469331 0.81903275
0.45946261 0.23692921 0.01771733 0.23572694
0.85463072 0.35555247 0.03125951 0.15098119
0.01008910 0.25479526 0.10113526 0.37277993
0.87678576 0.44819404 0.06937130 0.12699673
0.05831122 0.82944263 0.06600324 0.92880038
0.76452186 0.89724900 0.04731139 0.40286312
0.73985089 0.82760814 0.08983984 0.17993534
0.52914515 0.35170896 0.04916515 0.97511171
0.13347735 0.52972877 0.05704847 0.04059814
0.27174502 0.78624773 0.00978490 0.25676101
0.85827736 0.23960321 0.07385857 0.31673064
0.17419394 0.10433599 0.01950947 0.25569714
0.09621644 0.50248381 0.10211692 0.52806074
0.08327267 0.58167640 0.04936874 0.05229748
0.77509356 0.28964403 0.05251067 0.13285812
0.98535185 0.20651924 0.07546586 0.06913700
0.64425353 0.25028206 0.00600127 0.61339632
0.68578535 0.81223622 0.00815040 0.29692662
0.54918528 0.35415264 0.04121932 0.53408901
0.15960426 0.00132113 0.07251827 0.30557682
0.93807908 0.26507066 0.01031983 0.06433860
0.96126116 0.14594793 0.06481885 0.19651786
0.38014844 0.09677719 0.02508944 0.30394170
0.20018377 0.18899354 0.02693874 0.30828740
0.25743169 0.36383275 0.03747385 0.58640477
0.54442222 0.04849605 0.06063769 0.77865325
0.40697439 0.18348964 0.05391035 0.83420927
0.08443984 0.61272349 0.09041599 0.19732820
0.10796849 0.40770144 0.02663706 0.21544898
0.14167627 0.37304980 0.03157157 0.72118010
0.28562047 0.27706344 0.04809559 0.35083692
0.53410617 0.56871276 0.07573219 0.36143922
0.78317496 0.10713099 0.07777329 0.95437589
0.44131727 0.63033500 0.02003141 0.50824524
0.57995473 0.21225662 0.06587097 0.14356917
0.77482347 0.91674931 0.03524174 0.29791160
0.13782820 0.82697674 0.08193323 0.08740639
0.57601061 0.83810969 0.02667134 0.65326576
0.79274179 0.48565795 0.06121123 0.33749673
0.59538415 0.81330855 0.01957529 0.93648698
0.17836406 0.43587137 0.06451357 0.00819435
0.97871800 0.23053123 0.05796547 0.99392501
0.88411571 0.40831433 0.06398894 0.82911972
0.27114092 0.56805767 0.07888944 0.53184385
0.99327422 0.58929433 0.08685347 0.59313556
0.16918644 0.42882323 0.06451228 0.91542122
0.99819421 0.06821343 0.06484522 0.41460225
0.80124354 0.36165597 0.08600787 0.54205368
0.53967188 0.45287795 0.08211841 0.44328811
0.22848832 0.26028794 0.03929462 0.72695547
0.45626468 0.57811155 0.06602087 0.36803895
0.03768324 0.30352684 0.08720767 0.86240319
0.29895082 0.32516879 0.00707663 0.17180962
0.99102525 0.15191315 0.00487637 0.63070851
0.41311846 0.60690016 0.03241076 0.77340377
0.70529108 0.47106060 0.01313764 0.91128110
0.42232429 0.28222468 0.05915299 0.79558984
0.02585745 0.77005384 0.04983880 0.01908081
0.91643191 0.68807570 0.00539596 0.16656293
0.05337761 0.40176467 0.01092298 0.01923437
0.25492546 0.38027876 0.07563858 0.77653705
0.11103214 0.37908310 0.01684692 0.63226081
0.58057394 0.53005710 0.00165255 0.73602489
0.10715492 0.37526363 0.09156162 0.22304599
0.80185242 0.90196159 0.08583707 0.11782196
0.30005410 0.74067384 0.01114141 0.99325720
0.65977173 0.05601234 0.04847596 0.50924646
0.20162334 0.33890519 0.07695823 0.59874352
0.46942766 0.15712976 0.09251196 0.88589590
0.70631884 0.01481832 0.03530878 0.27300164
0.51091305 0.34890798 0.05064996 0.03119561
0.08250992 0.35544381 0.00168031 0.38756630
0.79094462 0.82912363 0.04318932 0.61020156
0.19833237 0.96903829 0.09670439 0.68017205
0.25468786 0.05259450 0.04339116 0.55642018
0.54322453 0.62248611 0.03622579 0.53368498
0.93921108 0.61582907 0.08337966 0.43943676
0.17217784 0.69484318 0.08061964 0.23504459
0.71998669 0.95962619 0.01028855 0.79050772
0.67947904 0.54648815 0.01943620 0.71948824
0.31104323 0.59406550 0.04393195 0.59823664
0.63315671 0.44242041 0.06537459 0.51825607
0.00910082 0.67746692 0.09386286 0.26423149
0.97208839 0.49805600 0.02855247 0.96011741
0.38172541 0.07381838 0.00926181 0.37030896
0.16381963 0.48058779 0.05511386 0.49508391
0.52545537 0.69161297 0.02564784 0.11604884
0.90403581 0.36344912 0.00338872 0.12238490
0.98487905 0.46997154 0.08421785 0.42190439
0.52978865 0.88751327 0.09069268 0.72396845
0.29804739 0.27789680 0.06672960 0.49691210
0.53920582 0.08223673 0.04304099 0.31569944
0.29950547 0.78401463 0.03040242 0.26942732
0.84518478 0.74129890 0.02376339 0.92043619
0.70889533 0.14072465 0.09890869 0.79934598
0.14984714 0.90817964 0.00600999 0.51227516
0.36580126 0.32000632 0.10356552 0.80435526
0.91714046 0.49725397 0.02031393 0.18097975
0.57265016 0.70771282 0.02136863 0.31598035
0.72780121 0.50512675 0.03875604 0.31750356
0.97939505 0.27006715 0.07379276 0.75774930
0.55535205 0.22012048 0.07197532 0.81794752
0.14740759 0.22399779 0.04596547 0.70123130
0.02170727 0.95496918 0.03723637 0.48607820
0.79208323 0.26913425 0.05020149 0.15483669
0.30612019 0.04330843 0.04654661 0.26708704
0.76074878 0.64071015 0.05876062 0.13753084
0.23778004 0.81645777 0.02836125 0.73583370
0.04511842 0.79981307 0.03528631 0.76161426
0.82774863 0.91288731 0.08091135 0.52846886
0.55028576 0.96925900 0.01846861 0.66521130
0.04803840 0.51217848 0.09370624 0.27130637
0.93801588 0.94037520 0.08908625 0.12840188
0.44974828 0.13979232 0.06917295 0.83203284
0.75398085 0.55085331 0.07777059 0.69618307
0.93380006 0.50866321 0.08702176 0.49975176
0.03327953 0.66610725 0.07869828 0.40584256
0.26185635 0.27982242 0.04250067 0.69773148
0.09816624 0.71444549 0.07415595 0.53167012
0.50773126 0.33755168 0.05912231 0.00348069
0.59155996 0.38322378 0.02087115 0.97209615
0.25591887 0.16370577 0.00864430 0.67181802
0.76630683 0.57140657 0.05429618 0.87263459
0.20316340 0.72677623 0.09645021 0.19695962
0.29834521 0.48457690 0.01152238 0.52015419
0.54685358 0.55397511 0.04716934 0.83325366
0.90457533 0.73647281 0.09616809 0.61236735
0.08424649 0.63985061 0.00370868 0.17917983
0.75760547 0.23101544 0.03580628 0.04316797
0.45722684 0.67278700 0.06784199 0.20060833
0.16641614 0.41277765 0.03835985 0.22984732
0.91887521 0.73198108 0.05981739 0.95084159
0.26782782 0.52411241 0.06477374 0.85506692
0.23048471 0.84920497 0.00023291 0.55944677
0.99282407 0.29535473 0.02384183 0.68360429
0.35433185 0.02146851 0.00998218 0.43399785
0.96561121 0.87206121 0.07571985 0.12898459
0.15173108 0.62082018 0.01024856 0.13484888
0.64343528 0.76076151 0.06779102 0.13889479
0.21099181 0.19780556 0.08468834 0.92388277
0.44408672 0.23558701 0.00685952 0.70574493
0.17442549 0.74939844 0.00107546 0.57468768
0.72023155 0.94915427 0.09778681 0.06480774
0.26214756 0.35997268 0.08599007 0.13213464
0.88622823 0.81916097 0.00381401 0.88750294
0.60473148 0.40831818 0.08270924 0.08388683
0.77432806 0.25678124 0.03137173 0.23184645
0.79823501 0.28165405 0.02215676 0.71258229
0.87656009 0.95561419 0.06901707 0.63915522
0.58640935 0.58089600 0.02154157 0.46815937
0.79084989 0.89880913 0.04873166 0.97566175
0.82739341 0.44323415 0.05132192 0.54130175
0.92188221 0.20810874 0.06064343 0.34915734
0.45255609 0.79135787 0.01257968 0.25421964
0.62630107 0.93923897 0.09219548 0.98486415
0.11548415 0.82127964 0.07353219 0.91389457
0.81249472 0.98905836 0.01412100 0.12402513
0.66901413 0.64132287 0.00889550 0.29037918
0.94682644 0.52218526 0.09557880 0.98757354
0.36130449 0.44124721 0.01726462 0.18966713
0.08370125 0.31608846 0.08455176 0.53679953
0.62958986 0.25760098 0.07310423 0.37167315
0.67220607 0.61247878 0.02295616 0.56681904
0.76746417 0.80609403 0.03065678 0.78170558
0.10227393 0.74032169 0.03295282 0.89273670
0.91467935 0.68907523 0.09263948 0.11309413
0.64758034 0.56769084 0.03733279 0.59752459
0.13038679 0.86202234 0.05734692 0.27286150
0.06249886 0.35506958 0.07804102 0.53934190
0.28222434 0.28700555 0.06334598 0.48329349
0.86328602 0.39212856 0.08083041 0.15430622
0.23203603 0.47527142 0.01833077 0.97523564
0.40109549 0.59803024 0.01404208 0.17020619
