83
0.85285077 0.83888861 0.05848522 0.02768442
0.93168712 0.30005105 0.05910029 0.43347040
0.87216452 0.25324624 0.02690517 0.87805720
0.13124197 0.23419175 0.06691387 0.49929462
0.14817771 0.35213447 0.09480361 0.37848684
0.50682975 0.01491802 0.02084903 0.51930701
0.83973788 0.67755009 0.06982234 0.02316093
0.34709278 0.21919405 0.00580536 0.26360378
0.48826356 0.93734840 0.03040445 0.71934256
0.16065997 0.96900240 0.10144393 0.23678349
0.24697399 0.78194453 0.09079593 0.72529535
0.65939382 0.19945752 0.00791124 0.30483234
0.15193305 0.98681762 0.06432523 0.03314215
0.03500561 0.22772555 0.05473497 0.91484291
0.05617347 0.41667812 0.09383396 0.67441980
0.94935561 0.28550312 0.05055464 0.52502202
0.13285264 0.64246601 0.04638951 0.24122137
0.14603002 0.87567335 0.01471508 0.57698008
0.39999795 0.43761243 0.02531649 0.68731805
0.41427602 0.09837767 0.07270673 0.13701591
0.07743357 0.35107598 0.00183977 0.51148061
0.90267358 0.53640987 0.01112878 0.08343478
0.33017336 0.37091077 0.03559638 0.60275067
0.92360696 0.92472995 0.05926212 0.55137530
0.49144942 0.68041472 0.05918293 0.75494070
0.36124492 0.50550129 0.07750339 0.70178473
0.78637392 0.05593877 0.03432683 0.34428843
0.50390593 0.29645905 0.10708437 0.80503153
0.37774249 0.86317013 0.01527440 0.10566126
0.35037907 0.67301353 0.08614205 0.59836727
0.30803802 0.10443687 0.07072036 0.98955763
0.08831085 0.25797144 0.02466038 0.21386649
0.06451977 0.62013294 0.06674556 0.83088021
0.34094833 0.64508359 0.08760462 0.48508785
0.29937121 0.06118164 0.02922615 0.76460359
0.56973910 0.93379249 0.00764411 0.87599472
0.19362017 0.29587023 0.02301701 0.85679692
0.16899425 0.67359518 0.03047151 0.56399419
0.45354178 0.19563208 0.09821344 0.89626616
0.58689227 0.87672327 0.06597739 0.63232063
0.66625934 0.60845800 0.07603823 0.82281998
0.30618089 0.70401147 0.02977150 0.82240243
0.95856978 0.04910045 0.02121917 0.93847296
0.31219155 0.07720258 0.00166673 0.31108816
0.88981973 0.26845313 0.05084705 0.31505443
0.37795518 0.96724030 0.02910750 0.98083192
0.43883707 0.16538362 0.06345712 0.74981456
0.39773398 0.81178649 0.10042291 0.35856501
0.91797105 0.06695940 0.05284754 0.26703556
0.46898014 0.23018169 0.04582355 0.91489318
0.47470386 0.34331880 0.11087815 0.58076707
0.82512953 0.71002658 0.04333893 0.55725539
0.95407045 0.86680647 0.08941596 0.72136195
0.32269173 0.21858393 0.00349831 0.28299614
0.01142013 0.21714749 0.07568207 0.34546573
0.53003353 0.85962374 0.08904730 0.91897111
0.19715185 0.74321530 0.10672360 0.27130584
0.44085854 0.89091044 0.05191992 0.78968916
0.80464726 0.00609404 0.03490603 0.18696061
0.33566759 0.53647312 0.07388798 0.41976416
0.45018125 0.99033319 0.02674151 0.45230731
0.59565964 0.33357502 0.03194775 0.70258248
0.32850183 0.91760011 0.05290969 0.56385438
0.20972380 0.97796974 0.04087678 0.58236197
0.43509261 0.58046390 0.04527016 0.01715205
0.83948286 0.01806926 0.08087282 0.54471841
0.27367477 0.13496033 0.04423998 0.69083153
0.24809624 0.43038263 0.05284016 0.53134830
0.43393075 0.45310227 0.01671492 0.07658510
0.54686014 0.80200704 0.09499660 0.04256742
0.98896571 0.68904571 0.06924477 0.47701556
0.95026345 0.86553086 0.07045978 0.81095001
0.98044732 0.12048786 0.09226017 0.66047091
0.47383305 0.05121448 0.06690794 0.54331951
0.34289450 0.44832288 0.07242099 0.05979342
0.92925261 0.65694169 0.05634645 0.26296572
0.39550357 0.28524218 0.04207535 0.07370455
0.38447368 0.24280414 0.05920553 0.61756483
0.49580487 0.21517770 0.07582104 0.69154888
0.40227111 0.97345505 0.06523131 0.60756618
0.39664405 0.94468742 0.03085655 0.73321962
0.09740399 0.00061605 0.03087558 0.65773284
0.30948779 0.61727023 0.01900325 0.83571926
