334
0.21914589 0.76198773 0.00227955 0.21500696
0.74216166 0.09775373 0.06045249 0.72739919
0.48199124 0.12632142 0.07838919 0.65882948
0.53303109 0.97888105 0.07214471 0.89160701
0.59901551 0.15741652 0.02435902 0.00928332
0.64885096 0.68118368 0.04810106 0.18783705
0.68092222 0.74203408 0.00050429 0.27667454
0.80552278 0.74113326 0.07189082 0.00699224
0.12919928 0.16721211 0.04333305 0.90314910
0.91472782 0.29558333 0.07833404 0.41602543
0.42862126 0.08804429 0.05001536 0.07703763
0.10159395 0.73167881 0.06270497 0.65151456
0.22435611 0.28459779 0.01607866 0.70624171
0.18757411 0.01603640 0.02973336 0.48247150
0.15098906 0.12576790 0.04163977 0.24102720
0.82709435 0.56059594 0.05146342 0.45393987
0.98992427 0.14557221 0.05662977 0.34406510
0.42206928 0.10969339 0.07007542 0.54836909
0.40016832 0.31164924 0.05559381 0.84790609
0.92033861 0.90676075 0.05935794 0.16481126
0.36403161 0.64417457 0.02881681 0.32834136
0.46512768 0.00892977 0.05741714 0.96629581
0.66921009 0.26606863 0.03677299 0.77463201
0.58109345 0.22168172 0.03263883 0.53569657
0.07405374 0.82121417 0.04034411 0.26408583
0.21648885 0.44466101 0.02254500 0.34896363
0.24944549 0.14197580 0.04417862 0.77877074
0.71896834 0.47052649 0.06838930 0.63591066
0.18868441 0.46994662 0.01368565 0.46261156
0.50324954 0.70072123 0.03129553 0.23953104
0.74591600 0.96813958 0.01683634 0.74298600
0.76327807 0.18800197 0.04463108 0.82647757
0.59853820 0.42531549 0.05738994 0.22865087
0.72811145 0.66060872 0.03396924 0.67512552
0.38077322 0.72338163 0.03541669 0.53995187
0.67490685 0.85820556 0.02997064 0.61876911
0.21306921 0.61282214 0.06334018 0.45974032
0.25996396 0.19316826 0.06589347 0.07745496
0.53735243 0.38880685 0.03879531 0.63433065
0.26059514 0.13528548 0.05700984 0.26088310
0.27605228 0.91970051 0.06163142 0.55385112
0.74350393 0.67780522 0.04962039 0.53222472
0.98294687 0.22102431 0.02974481 0.76070948
0.84876829 0.93751944 0.00603905 0.49779419
0.82953634 0.43646288 0.04783164 0.96523510
0.42804010 0.34563359 0.07803962 0.13721079
0.98819553 0.42057695 0.07523917 0.30818205
0.52989247 0.49813335 0.00952496 0.31730074
0.58308159 0.81251940 0.02537451 0.80759135
0.32619469 0.46863090 0.03825541 0.09271014
0.26625231 0.89929152 0.04713462 0.56701942
0.92888226 0.39266216 0.03002173 0.98239913
0.49768230 0.47398638 0.03189309 0.21314599
0.21323911 0.09709769 0.04953321 0.23261277
0.84414167 0.34469470 0.07835714 0.21333416
0.90123244 0.49745150 0.04640581 0.21555779
0.71174270 0.07090779 0.03487499 0.34524485
0.41497366 0.90949455 0.02145124 0.19879402
0.16231306 0.27443286 0.00066329 0.18582351
0.70245767 0.15658021 0.05123143 0.71289467
0.66644284 0.78526389 0.00804984 0.54528029
0.26779854 0.76433994 0.07360822 0.44997873
0.12035384 0.42354687 0.05451778 0.18350299
0.49932663 0.15894484 0.02126656 0.36516332
0.03202379 0.21654809 0.07859126 0.78442286
0.88964144 0.46198028 0.02852339 0.42400999
0.18742145 0.54668361 0.01445838 0.26973424
0.13146427 0.02200982 0.04813114 0.56937361
0.47308147 0.65664523 0.07517071 0.43535955
0.72652532 0.42017673 0.07619915 0.23100082
0.81768578 0.64193235 0.07314089 0.65014921
0.62698856 0.38978072 0.07156705 0.80519070
0.24605015 0.29748577 0.06267870 0.63439070
0.86100257 0.36123505 0.02085226 0.20225727
0.95115079 0.04998787 0.02952496 0.45161699
0.32677811 0.16499448 0.03561695 0.29106816
0.59437762 0.94337776 0.00394255 0.84154539
0.18851488 0.48475995 0.04907626 0.02911744
0.20627599 0.43650542 0.05251021 0.24395664
0.75397187 0.92278498 0.06295325 0.90817991
0.12451777 0.60087363 0.01398754 0.60184239
0.33345128 0.69275420 0.07895021 0.58443128
0.74821402 0.09935461 0.00029386 0.68089552
0.00173482 0.03211670 0.04662189 0.23180636
0.50929414 0.41740513 0.06167321 0.67056668
0.82136812 0.92014786 0.03215247 0.69218987
0.39911412 0.68438248 0.04838797 0.13147598
0.48396235 0.11535837 0.02221238 0.37322227
0.18722594 0.92699585 0.02094167 0.81609371
0.97605672 0.56378595 0.07076252 0.09225183
0.14190446 0.01698436 0.03673721 0.13176895
0.31926264 0.70971366 0.01186752 0.30257638
0.40186054 0.05065125 0.04810358 0.30927940
0.93173382 0.43209012 0.05101218 0.60078917
0.10363478 0.96053304 0.07189796 0.04332570
0.32391982 0.10803344 0.02587397 0.48781258
0.67168669 0.30818553 0.04013369 0.23020500
0.83041804 0.95845022 0.00205737 0.16085485
0.75448433 0.17192160 0.00467721 0.35962602
0.40873788 0.46278095 0.07195076 0.19633847
0.90068316 0.24602681 0.02356083 0.78508740
0.58305198 0.51871659 0.03983643 0.45928091
0.88466869 0.93837750 0.06851010 0.12560621
0.72028574 0.15040141 0.01284770 0.28495645
0.79296688 0.66375986 0.04612464 0.75997498
0.15459024 0.86834654 0.00871088 0.53677994
0.70937345 0.18789909 0.01980550 0.29915429
0.55007638 0.83444278 0.00191349 0.18450802
0.71850144 0.88203296 0.00640892 0.10900308
0.64188696 0.57448255 0.01720428 0.34107672
0.74381321 0.26654333 0.05432362 0.87428002
0.72508261 0.03475889 0.00872216 0.22320961
0.35932512 0.90597138 0.04236796 0.33592244
0.07977379 0.71740674 0.05477063 0.80797560
0.54069568 0.61999198 0.06615083 0.41128453
0.03008178 0.83335481 0.03815435 0.61738712
0.63026428 0.66319571 0.04784903 0.79895633
0.09157202 0.97043866 0.02273686 0.13378065
0.68833996 0.79498774 0.06574709 0.37485436
0.37158216 0.99454656 0.06574785 0.90720783
0.96074182 0.25495958 0.04330962 0.49746461
0.02207930 0.29898577 0.06944633 0.16612352
0.70789374 0.97425263 0.02981881 0.32685578
0.54086862 0.99399857 0.03638499 0.28218457
0.25282695 0.87440494 0.03486144 0.39238941
0.76080281 0.51468319 0.07178476 0.53848931
0.97003881 0.99892235 0.00334254 0.62604528
0.09530904 0.06661825 0.04155479 0.85479126
0.73439104 0.93097313 0.05701581 0.16022130
0.61290458 0.56292051 0.03360871 0.22873497
0.86976623 0.90818866 0.02005459 0.82071496
0.23613223 0.89222566 0.04803457 0.57820585
0.54340080 0.29242043 0.00577338 0.14276818
0.53650172 0.28596891 0.00333691 0.54560896
0.80097707 0.29104560 0.02084946 0.08167243
0.78603368 0.18934215 0.06188929 0.59504642
0.15550076 0.88071235 0.02570842 0.78370510
0.42970831 0.74317803 0.07237346 0.98834047
0.16020422 0.10110154 0.03635968 0.89587683
0.67469193 0.93464302 0.00042604 0.65026612
0.03773393 0.95046513 0.07663514 0.53775242
0.62112128 0.06229928 0.05921107 0.22665276
0.60950442 0.52986927 0.03540898 0.81723384
0.33688533 0.45634301 0.01669955 0.92223579
0.00040701 0.58077849 0.06011586 0.02047263
0.49952155 0.64264366 0.01598003 0.13463950
0.59637213 0.70416234 0.05447256 0.21638071
0.72651025 0.67968549 0.03860139 0.12650790
0.26219261 0.81957263 0.03768419 0.37502267
0.20110496 0.86164920 0.02727648 0.30370065
0.75513383 0.92501752 0.04372667 0.70200909
0.90611088 0.46025589 0.01207550 0.27034206
0.92015670 0.97927705 0.00324346 0.25562671
0.26240466 0.93286296 0.04112920 0.21636140
0.53653738 0.08517237 0.03120421 0.57193110
0.02996482 0.50768526 0.04055925 0.32969384
0.01558655 0.19287313 0.07337332 0.11579783
0.13548166 0.44140739 0.06578145 0.21474085
0.61827796 0.07067578 0.04587857 0.02230192
0.18069842 0.35546705 0.02722228 0.83094076
0.64859893 0.12059190 0.04201372 0.04759507
0.11348621 0.29786436 0.01655451 0.95995032
0.06169688 0.11017648 0.07871849 0.82614445
0.64396102 0.41908459 0.07383509 0.48269882
0.95673278 0.61886085 0.00120194 0.17028325
0.01613817 0.96058065 0.07374155 0.85380965
0.26840661 0.11992443 0.01298416 0.70660156
0.00094021 0.77257590 0.04471182 0.51988423
0.49648847 0.37968585 0.03479536 0.64207942
0.27665107 0.77862239 0.01990210 0.96474029
0.34341145 0.77392499 0.02521628 0.96216381
0.83684983 0.11172291 0.00397737 0.68357362
0.96406494 0.00077057 0.00706972 0.87216007
0.63083641 0.90013009 0.05916511 0.98797305
0.67083467 0.73073751 0.06441465 0.58449246
0.93392108 0.74454809 0.04074127 0.05822337
0.81884937 0.41449640 0.03606129 0.20022540
0.07174291 0.81400108 0.06031445 0.70489658
0.64143749 0.21468702 0.05376713 0.12620371
0.62661651 0.70263908 0.06062662 0.52284081
0.91806563 0.80677555 0.05779489 0.92165659
0.88338209 0.47442264 0.00559320 0.90098389
0.52406944 0.78493618 0.00330026 0.31644875
0.40111106 0.67792278 0.03654691 0.89322842
0.48881190 0.95821919 0.04053172 0.75547387
0.16943111 0.29631671 0.05861549 0.14934362
0.05379620 0.65059360 0.07120673 0.63812187
0.27536925 0.98519598 0.00284178 0.24209917
0.83362671 0.51835159 0.01628018 0.09716577
0.45108711 0.18703396 0.00797609 0.91724995
0.87707990 0.44436835 0.03705933 0.35355082
0.87631875 0.01644578 0.05916505 0.48996279
0.52037624 0.90767347 0.06831128 0.10618117
0.21715414 0.83380874 0.03479365 0.14106940
0.36742643 0.71515262 0.04509728 0.90027357
0.79923232 0.35944271 0.02383980 0.12298615
0.62486114 0.72940424 0.03882117 0.09817231
0.15002753 0.78531052 0.00694849 0.52592645
0.92941456 0.64429939 0.05738158 0.47139870
0.54630886 0.68183405 0.02750780 0.40751686
0.07965958 0.54431628 0.02777082 0.98841966
0.73369863 0.03056249 0.04605240 0.79347176
0.56265943 0.46318023 0.02027762 0.89616553
0.27329707 0.67286153 0.04572537 0.85431401
0.12215794 0.28017905 0.04320531 0.16338216
0.00472209 0.16853777 0.01416494 0.26382414
0.71095895 0.64542013 0.02806598 0.79392379
0.66471375 0.31394632 0.05569167 0.32071105
0.68750201 0.91640603 0.00796115 0.99899533
0.59688180 0.80425382 0.00084059 0.54014074
0.92797243 0.59561771 0.01492483 0.27183936
0.83700629 0.76433913 0.04167904 0.51391340
0.27712736 0.56566896 0.02939274 0.93381603
0.26786927 0.75602791 0.00243518 0.33913783
0.80829424 0.84469651 0.05865791 0.05121279
0.14710050 0.64938264 0.00114196 0.00500051
0.47888528 0.06989600 0.03666426 0.85800781
0.01314156 0.95042903 0.01990342 0.71338289
0.18985704 0.28869603 0.07729045 0.44345181
0.26647066 0.47043364 0.04744652 0.41985645
0.73777101 0.04753541 0.02870140 0.55479016
0.94806595 0.95095198 0.06460482 0.98307176
0.96450582 0.25281375 0.01304392 0.13113094
0.76686141 0.46341417 0.07336505 0.82874780
0.28028631 0.61454176 0.06424425 0.07211483
0.67430520 0.02961867 0.00644813 0.35147699
0.29476882 0.41720284 0.04060972 0.23915937
0.69136496 0.15257346 0.06454865 0.37260439
0.77965506 0.39666534 0.05179596 0.52736417
0.36290028 0.25496019 0.05994166 0.99169262
0.36643343 0.49843961 0.04704445 0.44933974
0.31213796 0.07932826 0.03361106 0.01089498
0.67603408 0.40126527 0.07782942 0.52644580
0.50532088 0.50320895 0.07915625 0.51883825
0.59336974 0.10398308 0.02694425 0.79289379
0.90483303 0.77578395 0.05745215 0.94086643
0.48740401 0.05270397 0.05325103 0.53768150
0.62139735 0.58814150 0.00849818 0.90623951
0.06037065 0.42358740 0.03277445 0.45328881
0.47981275 0.35296610 0.07320674 0.04629950
0.78234034 0.37512918 0.00653593 0.52356291
0.32255156 0.31051612 0.04582421 0.77313059
0.63565151 0.58601238 0.04563035 0.88603777
0.25405638 0.38400262 0.00950365 0.24602266
0.88139547 0.30706861 0.06306026 0.59725813
0.69430861 0.76347203 0.02989267 0.31139022
0.75402689 0.36588813 0.02184039 0.44648544
0.62910778 0.96067834 0.03993558 0.07373789
0.86086706 0.80580699 0.07429419 0.59700992
0.88689573 0.59994757 0.01755041 0.07669840
0.41944262 0.83304253 0.03509133 0.07735560
0.58631118 0.88538774 0.03230508 0.17053602
0.90242500 0.84190863 0.02399773 0.21302576
0.60022038 0.93926373 0.06117661 0.74684387
0.41724576 0.58853563 0.01632073 0.17628762
0.90589594 0.53069018 0.01359952 0.34805807
0.66395015 0.14180817 0.03354445 0.78735008
0.91834732 0.21008029 0.07617086 0.45290430
0.57236758 0.93285714 0.06473834 0.17646565
0.08798250 0.37136292 0.04984755 0.84066486
0.02145894 0.61360248 0.01327048 0.68433062
0.26465362 0.21108254 0.06907247 0.74884568
0.96588004 0.75559807 0.02319913 0.43274184
0.77512107 0.95641932 0.02051682 0.82563179
0.51892566 0.16542822 0.06033586 0.67814549
0.26627931 0.09667239 0.03848951 0.78175082
0.55381150 0.07188448 0.04375992 0.98765687
0.96103148 0.52851731 0.06277121 0.15425027
0.22002785 0.27321566 0.05506519 0.28414467
0.50563291 0.85587545 0.04504240 0.72822454
0.93684496 0.16586011 0.05345618 0.08179289
0.39803148 0.03374046 0.06672171 0.15885520
0.96126772 0.22351341 0.06556804 0.74753896
0.03338086 0.37169252 0.05338405 0.38291815
0.76763380 0.77726626 0.01432478 0.00343864
0.94961886 0.05298255 0.00672353 0.52354241
0.12195054 0.96017477 0.01080914 0.86290533
0.36706881 0.25271992 0.00255848 0.61345375
0.20953727 0.77326026 0.03679052 0.90790178
0.56168756 0.66308921 0.02213219 0.42835743
0.41069026 0.22065807 0.01949449 0.40529618
0.36728630 0.19181663 0.05389137 0.69145744
0.19824250 0.18977337 0.00994641 0.21751040
0.80356023 0.00969711 0.02900641 0.06228786
0.67185449 0.80596097 0.07126364 0.28937442
0.87812395 0.17239541 0.02873926 0.83469653
0.34851729 0.94557621 0.05856604 0.37049568
0.55106742 0.29931591 0.01622000 0.42025291
0.11937958 0.89449877 0.05611699 0.14795909
0.95899113 0.61367089 0.05801318 0.98635870
0.93944025 0.47059607 0.01418147 0.45720363
0.13746512 0.88026297 0.05164453 0.37714849
0.59678756 0.08947139 0.02902473 0.65953612
0.30245704 0.64410064 0.05202994 0.93955629
0.65418909 0.15589655 0.03185083 0.14767424
0.57302740 0.14390922 0.02443931 0.02440368
0.81470319 0.31545039 0.07100659 0.69533235
0.47485522 0.74342415 0.00689104 0.38625309
0.32671180 0.31897650 0.01307637 0.56986049
0.14749099 0.53360258 0.03926555 0.05587240
0.87428017 0.37197980 0.05896993 0.48019905
0.93491475 0.29719769 0.03859907 0.12975253
0.66076451 0.01532241 0.04000069 0.27844400
0.02305655 0.97789408 0.00185951 0.73827312
0.41004777 0.43988560 0.04114545 0.32821573
0.14948947 0.90691807 0.01061510 0.37283229
0.58544166 0.20969934 0.02620832 0.87666932
0.97443162 0.44846870 0.05977218 0.11567023
0.50340699 0.62835052 0.03520705 0.35086205
0.21502504 0.47454678 0.01667473 0.42475194
0.82804849 0.16737553 0.05432581 0.51853378
0.48966357 0.59523099 0.01322803 0.17096335
0.20061903 0.96605617 0.00410721 0.82265347
0.49718161 0.29934949 0.06160031 0.67252342
0.27763473 0.82190224 0.05682034 0.36106657
0.05955721 0.37735989 0.05438111 0.05479132
0.19800574 0.14747106 0.05267450 0.84763452
0.62134736 0.29128689 0.00946357 0.71525816
0.18825712 0.36429851 0.01427156 0.10918267
0.01985791 0.77939640 0.07741179 0.10606760
0.27298095 0.10701097 0.01142374 0.22424703
0.78739069 0.54941291 0.04634537 0.38522659
0.10148532 0.35648199 0.05049831 0.69674374
0.41665193 0.87429245 0.00412858 0.80658113
0.78847595 0.51213057 0.07654223 0.04633455
0.04112366 0.36097409 0.04971480 0.64324530
0.50106311 0.80363225 0.07536362 0.33548072
0.04259248 0.74271010 0.03557598 0.93818827
0.75518666 0.88225541 0.03226655 0.32763838
0.42995448 0.24815380 0.04493661 0.74634790
0.19661398 0.79606793 0.01807282 0.40863068
0.00080221 0.54737266 0.05171804 0.48097670
0.16287572 0.38047349 0.02943014 0.93820078
0.30948400 0.96409778 0.04048471 0.91610350
