390
0.65955103 0.88860603 0.06212434 0.38392133
0.52355480 0.68446227 0.01145478 0.67624058
0.36292278 0.09135629 0.06024985 0.54618406
0.12810079 0.82822217 0.02681345 0.79819916
0.72571188 0.11674875 0.00260027 0.64100279
0.15028550 0.15716653 0.02925611 0.89366257
0.72430436 0.63659455 0.05487212 0.19930084
0.17178794 0.01849788 0.04118919 0.71774002
0.16953394 0.81774327 0.00796455 0.51652865
0.56308796 0.86577326 0.06392050 0.03217780
0.03348087 0.10216224 0.02550848 0.36158778
0.81717056 0.60020239 0.02720167 0.98806313
0.18124359 0.45927969 0.06462894 0.58291203
0.44073400 0.00734116 0.03657815 0.14691966
0.75220609 0.17966990 0.03102915 0.27738832
0.02306069 0.33879289 0.04524982 0.97144334
0.32863229 0.97458623 0.05039237 0.02760108
0.28875945 0.47633359 0.07084873 0.00742471
0.84571172 0.88297369 0.00145441 0.55474819
0.58465687 0.66143198 0.00204717 0.70400001
0.75773148 0.30421071 0.00838712 0.22465331
0.02489481 0.15171357 0.02568495 0.06887018
0.22162760 0.14799422 0.03892661 0.47949108
0.72567756 0.70985080 0.01694136 0.08841151
0.45125416 0.73140399 0.01305662 0.65799590
0.61263394 0.50321007 0.05986001 0.06055095
0.46639171 0.63891481 0.00191534 0.01805266
0.71521939 0.15937085 0.03080964 0.09993613
0.78784543 0.07351477 0.02359924 0.71700053
0.69343213 0.26989178 0.02386306 0.03935127
0.79198939 0.91511781 0.06585767 0.82468669
0.85212529 0.48378877 0.05723888 0.20903166
0.97771195 0.82176191 0.02950113 0.62728643
0.36335667 0.54221490 0.04920971 0.68454604
0.94131541 0.66266782 0.05750230 0.43355096
0.08443891 0.22286487 0.03406002 0.30796740
0.41772782 0.14452776 0.01249228 0.76548904
0.43313055 0.06978459 0.00181241 0.33088410
0.84755371 0.95686051 0.06825904 0.71799742
0.16205861 0.40643386 0.01888335 0.51157451
0.48567034 0.76128072 0.01937988 0.27302386
0.60164752 0.71782247 0.01363208 0.46629482
0.92850549 0.92489307 0.06786706 0.37203207
0.75157735 0.34796050 0.00825867 0.88841696
0.31289782 0.14657711 0.05709856 0.84817668
0.64980175 0.70613940 0.04705465 0.07709690
0.34862374 0.41964426 0.01396567 0.89515881
0.34572934 0.76223558 0.06730788 0.18183684
0.96637015 0.54805698 0.04143038 0.92299201
0.85762560 0.41299469 0.02845528 0.47053902
0.10824613 0.99185680 0.05476171 0.38612901
0.37534414 0.54289652 0.01496660 0.94375516
0.26485908 0.58836093 0.01670079 0.47890956
0.34713048 0.28678090 0.04121028 0.39220533
0.03489568 0.47332065 0.00208900 0.87074963
0.25705147 0.74162549 0.06099254 0.81906871
0.19261461 0.02778681 0.06891815 0.64878613
0.37139916 0.99975288 0.04569387 0.37241592
0.26354795 0.22341298 0.03075512 0.60763857
0.16438059 0.45259408 0.00229170 0.06711033
0.10136584 0.46570837 0.06791617 0.42671376
0.18764449 0.37472488 0.00632201 0.80448641
0.13275944 0.08385227 0.05922097 0.38175398
0.73589858 0.53737439 0.03813700 0.56200034
0.02389007 0.24415648 0.03942509 0.25827731
0.45128374 0.56046391 0.02259145 0.31685201
0.78861906 0.44483004 0.00559742 0.54376255
0.15131365 0.28615817 0.03196843 0.76809885
0.67602311 0.76634113 0.04996087 0.07214992
0.78055922 0.86796941 0.05083214 0.80455252
0.15963415 0.62332369 0.06890123 0.02604714
0.80582965 0.10676203 0.04880874 0.75341113
0.88983963 0.05594264 0.06948790 0.75209450
0.45691368 0.78122749 0.04513846 0.19133596
0.90002218 0.93473844 0.05621087 0.05722316
0.49692219 0.37786754 0.06916300 0.59494254
0.51585709 0.19620911 0.02662115 0.98384114
0.37650716 0.54273582 0.05842376 0.40183575
0.85944827 0.26022126 0.06986710 0.08817853
0.61267047 0.69696589 0.00480757 0.20212264
0.58400746 0.72258027 0.00662114 0.56566118
0.30770517 0.36204565 0.03331698 0.25052675
0.77863293 0.76778489 0.05375775 0.12812589
0.81911222 0.05419832 0.00025882 0.18719579
0.31980363 0.68763866 0.03565857 0.45607874
0.17297265 0.59910219 0.06890238 0.02958658
0.66106088 0.77813083 0.02380654 0.81388882
0.78027816 0.05566493 0.02024557 0.80760684
0.93113325 0.27379547 0.03614005 0.08761435
0.10201837 0.24495434 0.02938599 0.34500239
0.43041827 0.49466455 0.00037088 0.17393470
0.69686542 0.89146164 0.06900932 0.95607987
0.26980512 0.73661154 0.04639011 0.02789258
0.09312939 0.10444118 0.05819718 0.39797026
0.51563616 0.01793155 0.01076691 0.45983287
0.49111525 0.65376103 0.02369253 0.65430607
0.85868071 0.86075781 0.04334670 0.99992940
0.99098345 0.77426062 0.01134871 0.96204194
0.73430113 0.56226797 0.01152376 0.07835778
0.75980828 0.01727882 0.01619241 0.85969398
0.50938578 0.20332917 0.02721285 0.51919189
0.23060246 0.39057299 0.05758767 0.51328761
0.66437894 0.32231616 0.01689244 0.29635140
0.01852348 0.48646024 0.04940725 0.22335507
0.53229765 0.59567805 0.02406052 0.90459748
0.26555795 0.86786354 0.06018264 0.07852745
0.56939738 0.49992070 0.00419925 0.19966935
0.24170249 0.39574173 0.04782955 0.43711280
0.82342393 0.14379473 0.03168360 0.35805062
0.56062097 0.06007068 0.06579625 0.88136823
0.30497211 0.41743826 0.00160378 0.44986341
0.82580797 0.37637396 0.02366498 0.09299268
0.63391382 0.38499299 0.01508631 0.49385922
0.57655040 0.45431921 0.06548419 0.16486991
0.19385577 0.85293513 0.02070277 0.38052452
0.23912599 0.12535000 0.02406090 0.66039263
0.93358399 0.40436982 0.05085994 0.35511356
0.91029166 0.33121795 0.01130696 0.93182390
0.24493153 0.02630033 0.00596984 0.89055374
0.21552659 0.45461464 0.06380341 0.13132369
0.63449391 0.46108234 0.02683442 0.12894350
0.94500662 0.74757725 0.00802735 0.83734623
0.68241931 0.04527675 0.06195220 0.00779679
0.76546031 0.35075953 0.04820955 0.97920919
0.10850472 0.26670161 0.05714374 0.38147426
0.84207019 0.38898751 0.01538459 0.15352666
0.12732954 0.13241105 0.06857716 0.41115849
0.72180926 0.88908041 0.01488850 0.06999057
0.37582273 0.12167159 0.06514321 0.22746293
0.05654741 0.65745972 0.00855254 0.30921843
0.44131908 0.66353715 0.03291460 0.79270850
0.80921150 0.09622058 0.02635605 0.81884765
0.51902970 0.76601476 0.06347987 0.03640915
0.85379480 0.42872954 0.00249306 0.09692629
0.43051142 0.68556158 0.02140790 0.87993146
0.70436300 0.33319573 0.02420286 0.89937662
0.20677354 0.38022354 0.01789212 0.14373118
0.09668947 0.06644442 0.07066653 0.75934830
0.21841105 0.74275861 0.00613332 0.25849886
0.76608446 0.98914949 0.01172876 0.76798189
0.96660583 0.20262120 0.07014837 0.46837344
0.62575290 0.50727066 0.03255941 0.11358202
0.68844676 0.08035603 0.06181047 0.20290198
0.68281055 0.52959920 0.00581166 0.25368294
0.38669584 0.09509650 0.06075829 0.25564871
0.47894016 0.00389420 0.01311448 0.31226123
0.89708219 0.42969405 0.04703821 0.78144882
0.52755214 0.23528060 0.04864386 0.25198661
0.50199293 0.35905086 0.02266372 0.12818850
0.78662628 0.87122233 0.03612314 0.49536464
0.54908696 0.36905421 0.01894517 0.74556506
0.64366839 0.81078269 0.04923784 0.94877708
0.93446916 0.00773480 0.06775376 0.44961952
0.23881576 0.55262183 0.04383259 0.92844539
0.44300803 0.91423757 0.02226495 0.06583584
0.06143803 0.46040500 0.05379324 0.97382509
0.21584811 0.70308199 0.05302627 0.97584671
0.25996235 0.16460898 0.01709729 0.66811891
0.87411463 0.35057292 0.02230772 0.65386708
0.02813717 0.10693066 0.03585183 0.98207625
0.49984000 0.94366370 0.05215950 0.30874331
0.81945402 0.78352162 0.00016852 0.09612698
0.25284756 0.91581656 0.00487843 0.63227975
0.58517665 0.80102468 0.00717545 0.99324720
0.62100378 0.72078026 0.06763880 0.06056529
0.13469995 0.10300327 0.01419218 0.93053715
0.73042665 0.74719624 0.03281995 0.08925080
0.62859958 0.62389255 0.03694944 0.49240154
0.71286826 0.61202519 0.05367351 0.82386441
0.27258359 0.20789669 0.05547999 0.99670606
0.98264040 0.14497856 0.05477751 0.70343347
0.08112697 0.84424029 0.00612838 0.12420110
0.75008021 0.47085659 0.01344223 0.36490975
0.78319505 0.91764869 0.02072064 0.33124967
0.93064283 0.12832208 0.01775641 0.37509572
0.55772402 0.02630208 0.04880565 0.02629127
0.69671764 0.68509940 0.03266065 0.91008626
0.71804706 0.54030865 0.05522605 0.71909940
0.19152994 0.10905495 0.05980392 0.87654205
0.47935916 0.94043624 0.03446901 0.87666221
0.59890240 0.90947289 0.05562054 0.26366246
0.36478881 0.57765960 0.06614682 0.68882444
0.02377990 0.86103054 0.06375205 0.95270360
0.03370287 0.38976601 0.01921944 0.29369899
0.68241746 0.45134283 0.03685394 0.68386708
0.26750182 0.97539233 0.05660626 0.76167832
0.27415932 0.93974261 0.03332429 0.07516682
0.69406658 0.93457040 0.01845146 0.76883837
0.73926769 0.35399240 0.02784581 0.35973239
0.30739843 0.09111224 0.04107790 0.88981893
0.76126341 0.49761772 0.03411169 0.45424736
0.02318027 0.66589736 0.03937607 0.15555433
0.00004886 0.57866846 0.04001126 0.36572621
0.72743569 0.10732405 0.00677424 0.84409370
0.20077076 0.76986650 0.04150910 0.30388063
0.42379351 0.21907148 0.06604509 0.92485571
0.91359493 0.23608716 0.05217104 0.05548161
0.24342503 0.21973567 0.06875994 0.19672437
0.78286313 0.33773588 0.00619594 0.10568042
0.13730657 0.73921327 0.02510337 0.17478740
0.31628919 0.65163282 0.01303493 0.59183255
0.34739630 0.19528460 0.02900675 0.47325057
0.33469346 0.63735106 0.04147769 0.07502577
0.31487139 0.11478366 0.06145752 0.94874271
0.51539088 0.97593225 0.00722402 0.69955113
0.94801888 0.00449294 0.04053122 0.92992646
0.62128615 0.68372624 0.02615403 0.02134981
0.40051242 0.25270771 0.06778871 0.74613831
0.76367967 0.50934950 0.03799846 0.09846370
0.44253091 0.37500677 0.03480614 0.88532168
0.53000193 0.81190455 0.03260010 0.84824150
0.37036598 0.38713027 0.04463607 0.27136087
0.94788257 0.95907581 0.05325249 0.08006498
0.22592291 0.48202639 0.02636578 0.76515299
0.75051453 0.11721044 0.03184358 0.73518089
0.38164088 0.81324764 0.00034273 0.37297181
0.10712137 0.98672735 0.03559068 0.97721890
0.68738560 0.50342092 0.02355378 0.79126280
0.41828700 0.68875835 0.05122512 0.58884698
0.73461423 0.27918565 0.01768344 0.07472423
0.32192302 0.44031129 0.00206326 0.53321619
0.43947860 0.09734404 0.05262028 0.02135185
0.00053115 0.42377058 0.06398183 0.24341022
0.38757371 0.17002239 0.02845561 0.47294117
0.04010408 0.09163194 0.00293695 0.83808165
0.51451391 0.74206693 0.06072708 0.77144241
0.08384313 0.04197393 0.02231636 0.95503040
0.32362370 0.65324555 0.03422516 0.71342415
0.15989768 0.40815268 0.01760571 0.38664518
0.46984215 0.40720693 0.00911553 0.01032207
0.06330774 0.41194200 0.00792917 0.50198463
0.18108216 0.24027821 0.04344863 0.48475160
0.87976110 0.03305276 0.00601144 0.24630285
0.49137240 0.08817740 0.02261967 0.61857960
0.83101159 0.10852640 0.03523034 0.24982726
0.19839506 0.71352237 0.04877638 0.36636969
0.62922167 0.67050064 0.05838614 0.77963193
0.85993022 0.85640391 0.04819628 0.89170097
0.33452893 0.52485748 0.02228309 0.82242335
0.73721953 0.44143607 0.01900386 0.84765230
0.95176287 0.45093472 0.01107074 0.17033435
0.48498272 0.50862013 0.01523802 0.87706623
0.36409421 0.26484748 0.06746549 0.48328076
0.22938371 0.21338051 0.03282476 0.43426419
0.66469257 0.02780982 0.05951462 0.00144788
0.94700916 0.36452899 0.06750985 0.54466855
0.37734491 0.45759379 0.06924918 0.95088337
0.45039237 0.01663146 0.02025193 0.26778900
0.68668783 0.70999074 0.02114892 0.38099439
0.67077243 0.20616039 0.02083734 0.80709968
0.35194212 0.57114704 0.05577479 0.87180384
0.53367139 0.88386913 0.00130037 0.59649655
0.31281311 0.59128987 0.01269584 0.06939487
0.08459899 0.71197571 0.02416414 0.08704572
0.81273690 0.58870525 0.06116976 0.32650859
0.87490531 0.34032716 0.05883926 0.10524330
0.87323860 0.32217851 0.06899101 0.91553538
0.61005392 0.52189582 0.03412792 0.34958142
0.10415672 0.79412956 0.01021470 0.37474607
0.96408554 0.64702087 0.06123627 0.04003261
0.27496102 0.76478865 0.00816783 0.82136233
0.46948428 0.39461830 0.01496808 0.62296909
0.89513566 0.74162804 0.00397984 0.33853337
0.81476072 0.00987393 0.04649810 0.65966726
0.31105258 0.42535159 0.00136086 0.85890766
0.07785665 0.86388610 0.06790480 0.30379115
0.62741100 0.65411086 0.06213440 0.75582399
0.34569785 0.38872349 0.06624364 0.69109922
0.81871753 0.40208006 0.02131560 0.18760814
0.60481416 0.97588545 0.01081246 0.44299940
0.31521450 0.27965830 0.02032884 0.58655444
0.28751001 0.01594785 0.01576975 0.32068962
0.66673448 0.34611151 0.01003000 0.56871636
0.00623573 0.34069814 0.03078959 0.44747625
0.44350161 0.56771613 0.02733974 0.85702938
0.26823603 0.21490920 0.00081335 0.15172470
0.34600808 0.05722356 0.05858337 0.15219398
0.72840680 0.53152148 0.01495204 0.99522693
0.88072865 0.24928424 0.04917568 0.51298884
0.08152223 0.53003791 0.00291960 0.67841702
0.66030716 0.36073914 0.06049534 0.57244815
0.70122944 0.53044645 0.06766878 0.46012968
0.22690785 0.94678783 0.04494304 0.40994333
0.27474397 0.04676575 0.03047438 0.73280306
0.33365435 0.75461872 0.05242870 0.26869909
0.83897163 0.41452978 0.05803210 0.73750477
0.73579451 0.42866511 0.05543199 0.50265933
0.89401994 0.40721419 0.03268416 0.53030841
0.69993616 0.58998729 0.06400194 0.84923461
0.24247445 0.81038472 0.02307272 0.33258893
0.41707747 0.62386720 0.07160573 0.47721433
0.76853800 0.19249337 0.02639892 0.41997471
0.55417295 0.17657969 0.00023907 0.81033635
0.62310984 0.33702051 0.06074247 0.95749203
0.78210185 0.17999801 0.06160748 0.85774247
0.40126582 0.10577932 0.03576048 0.19320953
0.01145017 0.00288742 0.06971716 0.49625562
0.46322488 0.15367330 0.04901420 0.19543898
0.13499595 0.94567371 0.01847347 0.94536652
0.61276288 0.52799171 0.01475999 0.86409198
0.92938471 0.02095011 0.06362497 0.10966316
0.53399003 0.82740935 0.00080840 0.21613621
0.33097332 0.72732851 0.03556217 0.33580262
0.34182466 0.69177561 0.02358602 0.17815394
0.04711570 0.27726020 0.00584426 0.91695410
0.00133968 0.10049612 0.00154409 0.42727302
0.84144143 0.55325640 0.03904264 0.25043757
0.98696285 0.91171437 0.07112450 0.68190835
0.02649293 0.14910387 0.05676477 0.74510338
0.53051093 0.43886510 0.04136053 0.32388886
0.09339109 0.52229904 0.04533730 0.31512760
0.49646012 0.32599223 0.00339604 0.44759588
0.16996245 0.48432783 0.05245167 0.03198219
0.54593864 0.08858368 0.04461006 0.26678749
0.82337128 0.04654469 0.02037989 0.55722129
0.06893792 0.60188918 0.03392659 0.61645216
0.66219292 0.68534049 0.05380804 0.27823432
0.16912624 0.09488606 0.04474267 0.06110283
0.75103730 0.78428831 0.06902344 0.13464771
0.92094535 0.34791436 0.02867440 0.91036842
0.95616861 0.41490113 0.05595325 0.46456874
0.34992916 0.17532576 0.06840139 0.71556287
0.72979676 0.53577265 0.01637055 0.64741179
0.98599616 0.41585362 0.07173135 0.76526001
0.92191598 0.43067181 0.05915377 0.50769405
0.37038218 0.23207174 0.02406850 0.05162113
0.56380176 0.89025432 0.01380970 0.88299675
0.01558745 0.42464502 0.01755017 0.62100341
0.45385032 0.86793055 0.03025297 0.21954939
0.50164605 0.51660601 0.05061281 0.56837440
0.92766006 0.55230233 0.04450531 0.66132642
0.59360665 0.89582940 0.03859988 0.11239094
0.03651671 0.72923291 0.02158757 0.65861317
0.16429577 0.87670147 0.06434715 0.10032869
0.94339430 0.58069525 0.06054433 0.19506492
0.74379516 0.59550510 0.01571415 0.29421685
0.48075769 0.79226181 0.05997306 0.90365373
0.37234161 0.46876542 0.01067943 0.93294323
0.98057162 0.19797754 0.06847057 0.09762342
0.49290381 0.54595612 0.06537754 0.56208731
0.26334084 0.51700783 0.05541710 0.62985726
0.29117702 0.38356511 0.03200153 0.92149401
0.86630432 0.09081194 0.01143850 0.26195520
0.89495391 0.37943284 0.04091106 0.89490736
0.62810925 0.85291090 0.06426168 0.43817548
0.72855100 0.56133591 0.01552722 0.75376834
0.34518451 0.02671391 0.05139227 0.16442323
0.77108130 0.63645524 0.04306816 0.61280071
0.86577414 0.77037597 0.00911434 0.04946487
0.28219854 0.31037247 0.02521766 0.68028419
0.19579780 0.30712890 0.04671590 0.24295863
0.60420417 0.96107921 0.02201199 0.77198559
0.23401104 0.32085066 0.05144334 0.34151827
0.93930692 0.16207141 0.03219292 0.90107067
0.35121702 0.10419177 0.03249887 0.61257740
0.36040584 0.71297039 0.03006599 0.70261801
0.09665157 0.49642640 0.05395709 0.39659027
0.45869448 0.37700654 0.05586082 0.78288277
0.91410209 0.71509824 0.03437931 0.08792610
0.59525840 0.59207797 0.06085413 0.16383608
0.30131643 0.06461800 0.04614320 0.36433042
0.37685264 0.94733537 0.07046194 0.02643069
0.85658758 0.17757156 0.05586918 0.14857732
0.27394500 0.13564958 0.05445993 0.91143494
0.04615029 0.21953971 0.01437474 0.15943341
0.55860111 0.99868500 0.05950395 0.00598134
0.08538990 0.93814001 0.00646823 0.26913162
0.87076423 0.20178214 0.02492624 0.55872733
0.69513845 0.13345791 0.04304880 0.59264528
0.07339595 0.52901411 0.05418664 0.64221890
0.45914019 0.09791643 0.04968520 0.42103364
0.68950752 0.61123649 0.02236359 0.38298342
0.80716052 0.32572519 0.05764478 0.48167194
0.94887868 0.69122223 0.02482364 0.62907865
0.44621883 0.99549126 0.03318104 0.70539969
0.58206186 0.62556620 0.01750201 0.76645561
0.04232861 0.37550629 0.01264792 0.51656256
0.30449887 0.58461370 0.06807398 0.62613044
0.89761183 0.63501928 0.05849454 0.47025822
0.41051323 0.03308110 0.00817384 0.60890692
0.05282888 0.80718952 0.05186163 0.26699970
0.08814186 0.64376251 0.04028961 0.36241612
0.72989985 0.48217792 0.05125718 0.46286387
0.56604287 0.23737846 0.05409358 0.22067446
0.41667175 0.96504498 0.03854678 0.33315404
0.33451113 0.49425253 0.01720889 0.70437087
0.52423850 0.80836559 0.03649774 0.83735883
0.24746119 0.92937408 0.00448230 0.55260025
0.10910948 0.10203234 0.06240227 0.04296844
0.47650161 0.83943722 0.06851040 0.76488062
