214
0.70365957 0.73320800 0.09709405 0.66567557
0.08386131 0.90132181 0.09182757 0.37284748
0.16360333 0.95945582 0.06976157 0.12721071
0.07378509 0.15558614 0.10971155 0.50389549
0.34857771 0.42332014 0.13566244 0.31361754
0.52100159 0.76462995 0.05425162 0.50444682
0.03004340 0.74478773 0.05901558 0.48978693
0.86229722 0.84641497 0.05157642 0.76124137
0.19724874 0.63930296 0.11806130 0.79354670
0.96986325 0.99207265 0.06850639 0.11995783
0.51806092 0.52508626 0.12341175 0.51599446
0.44195893 0.63899382 0.05985845 0.68863631
0.90879973 0.73525279 0.07262607 0.65819198
0.34926836 0.32584511 0.02064780 0.17266321
0.63747870 0.51650890 0.08105684 0.24725575
0.77901639 0.58186709 0.01493788 0.49568231
0.66574660 0.19476473 0.10828240 0.15892091
0.02219263 0.72297802 0.09107030 0.53648837
0.79684626 0.29969240 0.06701463 0.76230898
0.18358464 0.26654771 0.01535957 0.08938799
0.17181313 0.93264388 0.05456468 0.87900624
0.25848071 0.15755172 0.09678855 0.13137983
0.96741442 0.57482961 0.13678925 0.95911410
0.69797730 0.68079719 0.05804812 0.46864868
0.18460535 0.21694636 0.06772083 0.05275994
0.24055163 0.84115449 0.03254018 0.09348750
0.66734718 0.34161839 0.06879835 0.63147835
0.01720202 0.84160145 0.07662589 0.14106530
0.89112061 0.35455635 0.09999679 0.54275864
0.09906531 0.63606191 0.05193008 0.83961709
0.85078348 0.75447559 0.05365359 0.61071358
0.21453825 0.32533004 0.03435951 0.92217500
0.80413174 0.61650352 0.13791727 0.15026274
0.47866276 0.25689267 0.01437081 0.59388724
0.67058645 0.98826330 0.06621891 0.98900401
0.74458566 0.69720534 0.01329839 0.12732065
0.09787452 0.44985663 0.00917892 0.23606052
0.42266483 0.90378373 0.10189391 0.67434702
0.96362793 0.87532155 0.00221089 0.44044020
0.70412833 0.81552740 0.08213743 0.82540712
0.95318663 0.83106646 0.12937349 0.73939139
0.26706358 0.89242111 0.03471713 0.29372270
0.71887028 0.62411490 0.06430979 0.07350531
0.52792896 0.98778863 0.06650221 0.97949069
0.12658833 0.96426562 0.01366655 0.21856776
0.82109866 0.51701158 0.08261426 0.19106300
0.24621492 0.20402063 0.11381444 0.98011385
0.43803190 0.98429681 0.08798861 0.31565027
0.59534776 0.55713012 0.12681514 0.84751400
0.43861635 0.65398501 0.08245244 0.26771523
0.85699323 0.53324527 0.12064510 0.92373548
0.51750875 0.07524747 0.07266932 0.95047575
0.80389359 0.56881785 0.09504165 0.76408393
0.66841998 0.46901086 0.09384209 0.27511188
0.32413404 0.72461734 0.06828555 0.31772712
0.49921792 0.06700403 0.02699501 0.52116142
0.01765751 0.70085093 0.03657992 0.58941790
0.92079366 0.02652022 0.13847771 0.26722252
0.00365293 0.27099948 0.09426622 0.54974321
0.30042814 0.17713915 0.08987408 0.94486799
0.13605732 0.07520689 0.06802061 0.59191133
0.11887029 0.96704905 0.01506274 0.01180134
0.86343171 0.73429215 0.01403729 0.44118453
0.61607435 0.71816907 0.08510488 0.18709812
0.90109018 0.10187348 0.10435457 0.96743239
0.77185785 0.92260725 0.06251840 0.36844250
0.45877906 0.57429698 0.05773024 0.64909091
0.87597784 0.02442592 0.11402427 0.30060033
0.42967421 0.91748590 0.12057598 0.25859003
0.34267822 0.18252256 0.09946765 0.76249671
0.33493392 0.21348514 0.07565512 0.17598635
0.02830232 0.02442993 0.09686436 0.35620763
0.09996088 0.81369184 0.05229982 0.78577768
0.73700596 0.64565799 0.01041447 0.26258476
0.95603628 0.26301979 0.05573687 0.32030433
0.91916694 0.76388982 0.07801791 0.95460847
0.44540689 0.71920811 0.06278376 0.81985033
0.13314346 0.71403254 0.04058118 0.85745571
0.12400803 0.02967311 0.05290525 0.02659669
0.66337202 0.86888632 0.11258257 0.75436616
0.84836106 0.87728863 0.10461810 0.17943649
0.80356553 0.84631928 0.07874590 0.23120261
0.30075662 0.13109071 0.10018520 0.21037036
0.57261984 0.16398538 0.04641964 0.53841479
0.85706599 0.12371912 0.06822466 0.42490454
0.46036945 0.04348863 0.06692883 0.14825891
0.22954668 0.59049948 0.09222913 0.08062665
0.79965877 0.98709343 0.02070746 0.44406385
0.35654040 0.31635826 0.08640235 0.15958954
0.89581899 0.01495687 0.09931951 0.97545122
0.24922579 0.25576927 0.05565434 0.58090027
0.10262888 0.07954462 0.11532848 0.19742975
0.83827256 0.28711003 0.08262525 0.67225800
0.28075417 0.20060958 0.05424017 0.91981538
0.82084111 0.49670737 0.06456154 0.64432565
0.01625428 0.56503124 0.13305361 0.57322215
0.06321505 0.90652921 0.07239748 0.32324908
0.19330331 0.44376545 0.04904811 0.61471255
0.24871410 0.45115938 0.12701692 0.30801295
0.04184995 0.40313051 0.09041649 0.95924642
0.22237336 0.70194709 0.09691677 0.58489977
0.69052452 0.59927841 0.08942169 0.52566274
0.76446548 0.93949936 0.02325607 0.31535579
0.88624640 0.49255903 0.01940529 0.26913488
0.18855131 0.12976378 0.13857667 0.78173626
0.95266899 0.68972652 0.11708680 0.56029465
0.02218550 0.98589820 0.05097861 0.55033597
0.33507785 0.52720294 0.00030520 0.98529938
0.24817212 0.84357459 0.07075356 0.53602890
0.40763097 0.96539562 0.10589249 0.13355848
0.88296363 0.58367521 0.11678154 0.26281787
0.90708220 0.35611594 0.12238366 0.23759733
0.09856960 0.76094905 0.08477133 0.53627369
0.83528112 0.07788758 0.02057751 0.38276576
0.71114756 0.71991488 0.02832879 0.50916737
0.83549221 0.85880837 0.03381004 0.41881815
0.24102335 0.44426218 0.05386482 0.64602092
0.17429944 0.88602336 0.06714961 0.93707885
0.87835311 0.81987108 0.01334047 0.46500005
0.01192732 0.06381959 0.01944806 0.53764034
0.11304447 0.02043670 0.11467003 0.65638227
0.30800751 0.15781466 0.08975131 0.24393825
0.45685605 0.10391580 0.09730123 0.97225246
0.97501522 0.15194956 0.11026196 0.02129241
0.13293834 0.65597160 0.10081168 0.54474580
0.60060685 0.39681482 0.00724867 0.30947422
0.01576682 0.73803287 0.10612616 0.48773273
0.22089368 0.92392811 0.13169864 0.98399080
0.46438710 0.39086099 0.12686158 0.85391361
0.15442214 0.97226469 0.13209180 0.55188472
0.00472537 0.36947340 0.13780085 0.69501139
0.25223788 0.89344756 0.02114645 0.96336484
0.29443756 0.85159431 0.11009990 0.16721556
0.12018580 0.14066555 0.02485212 0.03063444
0.47852892 0.85365235 0.00961193 0.03763522
0.88802982 0.13432358 0.08039351 0.74528797
0.08509508 0.35416841 0.04857273 0.61374661
0.39149620 0.70221782 0.13226613 0.77752903
0.78187861 0.18221004 0.06650179 0.90671377
0.52023699 0.92189625 0.02052838 0.76312488
0.46258707 0.67507771 0.06137499 0.41632399
0.32926709 0.10690312 0.02224699 0.43396360
0.07594016 0.52944577 0.04593675 0.54042747
0.64349348 0.99159441 0.10617446 0.87011435
0.29483619 0.73957245 0.13181686 0.93083141
0.76400514 0.94667462 0.03091108 0.84021438
0.01694721 0.21188791 0.05329056 0.89861206
0.87960869 0.90286511 0.06613504 0.46502840
0.20625150 0.32204209 0.08587369 0.52122560
0.38987808 0.89405552 0.05798505 0.54348967
0.56076609 0.40000060 0.10702024 0.24193762
0.28516044 0.07702031 0.04143115 0.01658556
0.99539786 0.57176722 0.04958219 0.75581298
0.73155209 0.52903779 0.05797175 0.78617863
0.81136153 0.53328999 0.11722757 0.80550006
0.18319061 0.90891994 0.12468668 0.21555099
0.12758460 0.09802156 0.05577873 0.37103423
0.34583416 0.45554522 0.06537142 0.96729987
0.82708827 0.14562693 0.00328116 0.08159827
0.02557808 0.50223121 0.12800035 0.89391957
0.06178918 0.15524992 0.06905492 0.98559930
0.06175555 0.09577558 0.03613872 0.55743099
0.04415162 0.54885544 0.03659362 0.79355891
0.66956957 0.43342266 0.03282441 0.50405349
0.44102905 0.08427965 0.05036127 0.57830731
0.18342567 0.53076457 0.02619452 0.38843208
0.94029457 0.08704766 0.12107741 0.35068977
0.97037129 0.63480062 0.12694585 0.98388718
0.96849799 0.79539557 0.09563730 0.01457958
0.48495091 0.17821860 0.09289015 0.29333291
0.49879921 0.48182419 0.10795254 0.80816131
0.96490478 0.34293504 0.06161073 0.92012119
0.90075549 0.31060478 0.05522381 0.20235842
0.16663240 0.03829318 0.12266946 0.87851106
0.84394634 0.00005450 0.04941220 0.89642450
0.12132536 0.33864836 0.00272697 0.40354066
0.92784911 0.66549382 0.02989638 0.25297260
0.05962718 0.43715113 0.05032253 0.56848753
0.08701137 0.88675181 0.09963027 0.61925709
0.78909325 0.23456627 0.10142819 0.75500586
0.48573505 0.49288659 0.07057497 0.58985807
0.55107552 0.31198734 0.00703322 0.25891027
0.70756192 0.68040048 0.00168046 0.89391806
0.84256048 0.36341445 0.08273983 0.91435267
0.34805550 0.09745099 0.03221168 0.88028393
0.44116756 0.45297841 0.00074130 0.57577630
0.31487238 0.82858093 0.04345194 0.30091405
0.61493588 0.33973319 0.13698752 0.87079785
0.15646538 0.79240960 0.03720946 0.22144754
0.26861305 0.36389491 0.13559001 0.95230636
0.07419490 0.46684947 0.05576956 0.37626327
0.12881409 0.66766556 0.10033062 0.27014399
0.82165682 0.63229699 0.03321211 0.92492023
0.40585563 0.79092936 0.12783149 0.89298712
0.66622825 0.61630585 0.05106966 0.57139985
0.60750878 0.77309922 0.08393543 0.39919841
0.05969263 0.61259767 0.06782794 0.44074155
0.95167391 0.98231797 0.00650272 0.16262570
0.33654512 0.87083648 0.07693254 0.46340354
0.21991923 0.85225902 0.08040033 0.84459626
0.87165669 0.98885641 0.11856193 0.18585459
0.09052322 0.41943450 0.00367366 0.50477952
0.78800515 0.88028872 0.09874071 0.72037609
0.58756168 0.36483648 0.08578417 0.19154395
0.30150287 0.54255039 0.10316650 0.46550745
0.19993116 0.48270600 0.02632518 0.35898196
0.12790866 0.26230982 0.03919790 0.22792668
0.28059483 0.50605995 0.06524811 0.02120508
0.09856282 0.63863441 0.10141932 0.26081583
0.16184052 0.60912244 0.09506906 0.69368496
0.93348077 0.92889002 0.04386455 0.23346693
0.56191828 0.47301538 0.11501606 0.51544095
0.37928624 0.60483622 0.04479518 0.86979552
0.91486074 0.96117264 0.11663477 0.87417229
