183
0.73043631 0.90243206 0.13427607 0.60509450
0.76259197 0.06607157 0.08627736 0.67478023
0.69143738 0.12701140 0.08963114 0.43088889
0.67920658 0.27886085 0.11734120 0.98831623
0.33174099 0.80382639 0.12060161 0.85819977
0.82449430 0.31672394 0.04138803 0.45146201
0.62689860 0.29704033 0.01525263 0.97818066
0.01975455 0.42429790 0.06455848 0.77199483
0.68960365 0.96001752 0.03755405 0.85273839
0.90036461 0.66785871 0.04633813 0.05447805
0.56423672 0.47030709 0.05630654 0.72830998
0.76347581 0.18550595 0.14140352 0.10959386
0.34265302 0.08482712 0.04162229 0.84181381
0.56601545 0.75724700 0.04070927 0.80425961
0.06858590 0.71091421 0.05024269 0.51929319
0.45185692 0.46577328 0.08870810 0.58532694
0.22202947 0.43173650 0.10961387 0.34708818
0.99512047 0.43346931 0.06388040 0.94793101
0.48539177 0.06923945 0.08184836 0.76969537
0.73094628 0.19441769 0.09541481 0.47942722
0.67548747 0.70370555 0.05341334 0.85953757
0.49436456 0.91587639 0.03985075 0.98929601
0.37088674 0.57375319 0.03910334 0.59888694
0.26102669 0.77517223 0.13326732 0.22660142
0.93877220 0.41532952 0.04760281 0.79304564
0.26660807 0.71557653 0.14673921 0.71325946
0.49704442 0.26912534 0.06033508 0.99659885
0.85678331 0.00787553 0.07139896 0.44716960
0.34479479 0.00555344 0.12978894 0.93022590
0.60121062 0.54907010 0.07848271 0.33502453
0.95819772 0.22178032 0.12944939 0.29019458
0.25414367 0.68979676 0.12441945 0.79893199
0.21651287 0.32770822 0.11788828 0.43602202
0.27366564 0.35046059 0.08412817 0.22356122
0.83761453 0.84644351 0.14648495 0.35571927
0.93760368 0.86760280 0.00061924 0.50939121
0.11855997 0.84337352 0.05816881 0.00463751
0.22910488 0.19584551 0.10345928 0.15691808
0.68959675 0.70854538 0.00648083 0.86915333
0.71446570 0.11188816 0.06004127 0.66271285
0.19377713 0.12855109 0.14175792 0.81989004
0.19280365 0.49248248 0.02969450 0.31829026
0.87058245 0.81034659 0.06711805 0.04774776
0.73906567 0.90558849 0.03581564 0.69869540
0.08489960 0.41534779 0.04389273 0.06696037
0.80007041 0.11129335 0.13767904 0.76989967
0.29589572 0.39286418 0.10738007 0.59379297
0.60292747 0.72286371 0.04148657 0.46722396
0.53888888 0.51838744 0.02524695 0.22651315
0.64279987 0.44337434 0.13807967 0.30514451
0.13759688 0.67450237 0.09039455 0.16924510
0.71836362 0.30927042 0.14466192 0.96179640
0.73742809 0.09069499 0.01626000 0.32661640
0.66530234 0.03841322 0.01824683 0.04859071
0.33264000 0.33526353 0.00863294 0.41322516
0.28461599 0.81467901 0.10548791 0.68816916
0.25454114 0.45045005 0.00377023 0.17329351
0.89969748 0.14833314 0.13683510 0.26691940
0.05187234 0.57792302 0.00228774 0.68180200
0.78134250 0.96335348 0.07204621 0.83712963
0.01613336 0.09997765 0.11345091 0.49423610
0.40420384 0.60098496 0.00341876 0.56896811
0.78004600 0.33511319 0.02358815 0.94729793
0.26134620 0.88915478 0.12637887 0.42989755
0.07616047 0.79817533 0.03065579 0.13980202
0.78103064 0.71911032 0.00316798 0.94839947
0.93801343 0.58445457 0.10849336 0.59953883
0.74891869 0.69485494 0.01857048 0.96238771
0.44917835 0.57842331 0.08497797 0.06246756
0.21407306 0.57611420 0.09868363 0.57251585
0.63236311 0.29108577 0.09794505 0.63925781
0.74417295 0.18253064 0.08915398 0.45720651
0.19066757 0.89365910 0.03288436 0.18665451
0.77099314 0.13820428 0.04444240 0.11942796
0.88279971 0.85473298 0.10724995 0.89352150
0.09744494 0.47747833 0.11731228 0.40206145
0.85094556 0.94478498 0.08743005 0.87934304
0.12685646 0.71238582 0.08670976 0.04390352
0.51833286 0.47899107 0.10392270 0.93367339
0.02953673 0.25822714 0.12060982 0.47830664
0.03404782 0.40035880 0.13502091 0.27824861
0.67805553 0.39080413 0.07960784 0.85952165
0.88504190 0.21968077 0.13883977 0.49421533
0.29262049 0.07719743 0.08434801 0.35215857
0.86866121 0.57140003 0.06901322 0.48387800
0.40127816 0.83602309 0.00720950 0.12045291
0.11844083 0.17597445 0.01908333 0.00858278
0.11240077 0.88202974 0.09900416 0.44258734
0.67153053 0.58067579 0.13890515 0.34078376
0.52175920 0.07205257 0.11842549 0.74505555
0.99766589 0.08418770 0.03444988 0.01913469
0.87534963 0.68126560 0.10618416 0.03894292
0.21553526 0.53982583 0.00298880 0.70122262
0.25414084 0.27822305 0.04207614 0.46132264
0.32626875 0.83842613 0.02319960 0.37901478
0.72048245 0.07106288 0.13834465 0.52541304
0.56423802 0.28028561 0.06462065 0.75084299
0.50390513 0.74292288 0.12301741 0.31860115
0.43627659 0.14886573 0.05083281 0.64647043
0.87846499 0.29883312 0.06355738 0.40822843
0.84917605 0.36966634 0.03734927 0.95213735
0.47311198 0.86542303 0.14207451 0.53522977
0.09610978 0.38433213 0.02972662 0.54963934
0.04522113 0.69019282 0.10813320 0.47022648
0.47161752 0.50840645 0.01196766 0.10626327
0.73433082 0.77801657 0.02357730 0.53574155
0.00535035 0.53754824 0.00963147 0.97286393
0.26336679 0.16393237 0.05222514 0.61763525
0.78583381 0.18908292 0.01226135 0.64792802
0.27264633 0.88024587 0.01717548 0.79937527
0.10950632 0.93086876 0.06826722 0.52944102
0.31339943 0.66023484 0.12263554 0.54353489
0.32337793 0.17013473 0.01565322 0.21608340
0.36752162 0.18461574 0.07120210 0.63014844
0.05622720 0.56153062 0.01644559 0.99306093
0.54458691 0.35723554 0.14458298 0.05534707
0.66132850 0.75985663 0.00050042 0.20387500
0.28531531 0.70681842 0.13343902 0.56542688
0.17037623 0.69559744 0.04067239 0.24692579
0.44608738 0.91619295 0.14072442 0.01510607
0.58196963 0.62882811 0.10205827 0.19122886
0.96103398 0.01364483 0.10275085 0.84138524
0.45032374 0.13888145 0.12646752 0.88698533
0.51637884 0.49003898 0.12847878 0.33992202
0.73406945 0.26819498 0.05067148 0.02579189
0.92673356 0.26156314 0.06938935 0.22678701
0.15277457 0.85421412 0.10975710 0.60917779
0.36506815 0.25863664 0.06238205 0.33995130
0.60597013 0.12305559 0.12108184 0.53114978
0.49375678 0.05435923 0.03073135 0.14856657
0.14441033 0.57712869 0.13646091 0.50738606
0.83293956 0.99819624 0.07094626 0.26326659
0.42148532 0.09592043 0.01099151 0.10607769
0.21448199 0.51553081 0.14775533 0.10256634
0.45154802 0.51039606 0.12820498 0.73431323
0.84797551 0.50510499 0.06721286 0.89296852
0.02099579 0.43152063 0.05414119 0.50676482
0.25864587 0.87031225 0.00221631 0.85439192
0.56908635 0.51916901 0.13276114 0.85870588
0.34725407 0.46642882 0.05152021 0.77528900
0.61626873 0.23843269 0.11829968 0.44590595
0.84807739 0.39452227 0.03199499 0.30782775
0.56808004 0.61697476 0.09593353 0.70757747
0.42720663 0.39878388 0.03170917 0.30565143
0.26192207 0.40035516 0.02989866 0.56362261
0.54289181 0.46269617 0.12367157 0.02889950
0.02705830 0.93822082 0.00174967 0.97557956
0.89627796 0.52493925 0.11572437 0.74970065
0.99579172 0.04696255 0.09844688 0.22819415
0.95946518 0.12904407 0.04642918 0.83460935
0.06402895 0.22658002 0.04772260 0.42545052
0.36715074 0.81057244 0.13558367 0.08523285
0.32130376 0.10879537 0.11971738 0.77807534
0.01756185 0.95027916 0.11030195 0.18589536
0.50120280 0.50506336 0.12229268 0.09857798
0.83532447 0.69348276 0.12507743 0.62821490
0.22782317 0.83915058 0.01131760 0.82571372
0.31136886 0.13732929 0.11687337 0.28290067
0.27439360 0.10104323 0.01810235 0.41825370
0.30162002 0.43824352 0.00419465 0.38327004
0.83220585 0.18837891 0.08029662 0.51829990
0.41714855 0.17397391 0.08729488 0.96894277
0.65654242 0.63583864 0.04167596 0.28644933
0.93600310 0.79826922 0.12887052 0.27228469
0.33945700 0.57216845 0.05681061 0.33729711
0.01324361 0.51930112 0.13952820 0.08818569
0.44288302 0.89144096 0.08693355 0.15042512
0.43432385 0.36556773 0.14400389 0.82630248
0.66288848 0.40510617 0.14612166 0.59066579
0.43301823 0.98830269 0.12540170 0.01771845
0.85754729 0.14588714 0.04814256 0.47134931
0.49351051 0.41198903 0.14714812 0.60419089
0.63237699 0.55635511 0.00701011 0.94407602
0.15361372 0.18023917 0.11621844 0.17415777
0.08473639 0.32155728 0.10316814 0.06069212
0.77793602 0.38256087 0.02647722 0.68514396
0.24497092 0.05474284 0.03477492 0.02109476
0.08813803 0.75058589 0.02748757 0.23034561
0.98754896 0.42392683 0.03739193 0.52697410
0.02836724 0.86227354 0.03405149 0.37771922
0.20920366 0.71367073 0.08866771 0.55737045
0.29094902 0.45628005 0.03539100 0.11437835
0.32700680 0.98810474 0.04074229 0.24751593
