171
0.51926167 0.01969338 0.01104812 0.11730347
0.63284047 0.05032863 0.04055840 0.97057096
0.81225331 0.23995725 0.09178663 0.33329271
0.69879807 0.94242946 0.02653128 0.50852679
0.96313722 0.90900721 0.06235129 0.08890447
0.13712851 0.93093027 0.12339318 0.61969214
0.97160798 0.89330728 0.02902057 0.23563559
0.06723449 0.69834174 0.02470001 0.43249287
0.93325737 0.80644484 0.05002046 0.40354409
0.99951297 0.85878670 0.00936588 0.35571303
0.22414600 0.90088809 0.08221533 0.97312594
0.45426139 0.12917105 0.03828991 0.54271246
0.78189220 0.97036764 0.03999200 0.78735813
0.08373993 0.71594992 0.03313916 0.31952406
0.25214893 0.62633428 0.00295172 0.47477556
0.63436148 0.09490965 0.12551566 0.19422408
0.07293867 0.12916961 0.05810761 0.88665004
0.22720496 0.62208805 0.12384908 0.90290643
0.17737833 0.68030312 0.10969845 0.71904973
0.10971608 0.57484085 0.09626080 0.14121047
0.79545655 0.51873569 0.00092052 0.19842226
0.65253291 0.51285640 0.10549686 0.68645581
0.60765627 0.67232023 0.05989416 0.80279204
0.54903229 0.11870198 0.09679889 0.03291069
0.12253542 0.31598050 0.01129534 0.16050020
0.82593080 0.34816350 0.12363896 0.52954227
0.46746975 0.28083665 0.06175442 0.92105366
0.19915429 0.88729025 0.05239391 0.65085048
0.74808749 0.40054154 0.00764503 0.30339782
0.46902415 0.99818755 0.03928455 0.52501097
0.17581672 0.26717289 0.10174180 0.71231718
0.81141426 0.35988479 0.01081767 0.62845036
0.48826117 0.63618467 0.07213965 0.19144962
0.15434437 0.57636078 0.09042092 0.92450289
0.00539079 0.43996194 0.05069523 0.07156030
0.63645425 0.27111845 0.02978571 0.21541305
0.09374743 0.55415854 0.08559254 0.05145216
0.13190455 0.38131739 0.01156398 0.47082360
0.07462743 0.75944561 0.11343557 0.75907132
0.31690870 0.78328380 0.12548341 0.05776147
0.33545340 0.72874090 0.09924051 0.07611086
0.47528646 0.27277139 0.03240313 0.42944700
0.88937908 0.29122814 0.08400875 0.24575884
0.53986809 0.85563307 0.01041095 0.69238049
0.75997299 0.37473086 0.02058576 0.35168846
0.82503446 0.21489603 0.11167638 0.77122855
0.89740124 0.00222579 0.01423224 0.15389132
0.52716191 0.52933678 0.02544898 0.29367048
0.33915348 0.51442861 0.02790881 0.55241537
0.91445563 0.57815925 0.02898558 0.73540429
0.57272181 0.54606936 0.05943964 0.07476795
0.22379814 0.22269415 0.05494137 0.30444319
0.26018518 0.82288052 0.11626779 0.65087381
0.08224057 0.28818005 0.11424701 0.50177965
0.26662452 0.10364812 0.03597187 0.65684627
0.53664457 0.71872360 0.08072731 0.92723207
0.83159945 0.78523381 0.00199396 0.46353723
0.88773735 0.71115819 0.06930407 0.63148796
0.98004852 0.18534848 0.02217304 0.21911937
0.46218645 0.06594060 0.01098216 0.73564511
0.86932071 0.12129322 0.00357329 0.17434306
0.82575854 0.04753866 0.00544958 0.38153773
0.54984227 0.45072276 0.10961344 0.83245000
0.54771235 0.79326268 0.00328801 0.95092369
0.26319286 0.60257539 0.01467684 0.40831638
0.94972276 0.85220923 0.03115536 0.22288366
0.68748953 0.75376509 0.09408139 0.36497340
0.41338691 0.49751822 0.08447816 0.07324560
0.53777084 0.29954651 0.03150255 0.52209169
0.79015162 0.74971753 0.03564809 0.24033740
0.32549038 0.41584576 0.10406023 0.99548391
0.58664480 0.47503878 0.07192142 0.76487436
0.21598864 0.73148416 0.06938883 0.34394276
0.60876436 0.21032865 0.11207533 0.18124312
0.94020707 0.42626747 0.01731032 0.30302899
0.24065762 0.32566314 0.11140136 0.72428504
0.89912219 0.86466736 0.00916776 0.79429302
0.25694572 0.74270134 0.08220501 0.55748510
0.78232738 0.44927932 0.03259117 0.46884680
0.98595773 0.84979979 0.08780642 0.39498495
0.97701876 0.14171034 0.05245597 0.80203389
0.47194102 0.53550611 0.09387034 0.06898607
0.98558658 0.93142972 0.09280219 0.13836336
0.04527763 0.08382178 0.03847683 0.54653270
0.79000513 0.46121990 0.05493899 0.80371799
0.37369496 0.44497344 0.12135612 0.59603867
0.34407729 0.65998948 0.07952234 0.19356644
0.74976630 0.67865931 0.11981975 0.41046473
0.93974803 0.53376609 0.12233389 0.46852033
0.75329244 0.79690218 0.10303706 0.08607951
0.14656423 0.21136043 0.12383086 0.03417034
0.76565586 0.47965409 0.08588902 0.02933555
0.04121095 0.39658370 0.08327695 0.10523047
0.23825807 0.37898446 0.01893280 0.08698878
0.50996185 0.78240607 0.09506065 0.95680877
0.55571242 0.76090969 0.10803822 0.46171467
0.19194752 0.19185709 0.04401068 0.49867799
0.27059426 0.49175073 0.05476360 0.02156263
0.48973336 0.06566735 0.08084295 0.39115259
0.54179113 0.91366818 0.09402079 0.47277277
0.25097547 0.00473867 0.08252673 0.99970301
0.62389737 0.15198489 0.11030835 0.96120308
0.64588680 0.78271032 0.12491791 0.45580918
0.99040038 0.63989079 0.08632496 0.07395072
0.67757224 0.49546943 0.00268907 0.26753571
0.50273345 0.71900076 0.05672280 0.06182373
0.37126770 0.34941283 0.00810072 0.95577861
0.21659567 0.44663974 0.04045741 0.07086735
0.53318570 0.78424970 0.09487290 0.92752940
0.66195790 0.70907432 0.02797666 0.30989824
0.33096993 0.42661143 0.06276329 0.06988300
0.62071608 0.71652681 0.00525413 0.46988758
0.98996457 0.77228620 0.01048100 0.54776701
0.58263699 0.96080249 0.08078367 0.52004834
0.64574819 0.08891064 0.02310053 0.96940577
0.91959415 0.47747984 0.12018067 0.88764555
0.97624984 0.58276684 0.03774149 0.91680068
0.64762245 0.51191169 0.09964213 0.71990346
0.70152829 0.06687507 0.11430532 0.87012485
0.67434001 0.66262488 0.01323717 0.71847891
0.13357542 0.33933579 0.04714752 0.93793135
0.16030765 0.54484170 0.10798726 0.31093401
0.09048684 0.60575598 0.12196290 0.03881618
0.46108788 0.72208609 0.08479871 0.79972159
0.19423036 0.85615941 0.11877752 0.44884711
0.80957150 0.34194487 0.12208108 0.30398239
0.65494849 0.53026841 0.01561266 0.67273866
0.12320822 0.45213465 0.04851842 0.78774266
0.68579329 0.68722034 0.12288693 0.15536252
0.78276369 0.41694423 0.05139396 0.20872308
0.04232364 0.04050061 0.06052295 0.76115377
0.76121049 0.80135621 0.08922616 0.18684996
0.97580940 0.85657131 0.02059423 0.13575865
0.69825210 0.76500941 0.11285354 0.56903728
0.34289384 0.23344664 0.03026830 0.91540081
0.13076580 0.78733321 0.02105939 0.53842961
0.46494938 0.19876926 0.06898788 0.16890395
0.97497098 0.35622354 0.04249740 0.71937465
0.23743888 0.19321002 0.00812715 0.22381070
0.57054981 0.56737693 0.00204410 0.21903830
0.17614199 0.68569175 0.04050014 0.95720519
0.53268809 0.02969614 0.05263919 0.21224987
0.50350240 0.53032104 0.11836622 0.23186375
0.63972071 0.10696768 0.09404893 0.66042557
0.99160469 0.62417789 0.01449992 0.93107384
0.27491725 0.34126156 0.05449360 0.97674995
0.22970170 0.50987664 0.12167340 0.78941120
0.68133655 0.52245620 0.08718520 0.68773652
0.42253497 0.46470230 0.12001309 0.95316270
0.52194425 0.47125109 0.08589816 0.72880177
0.41948388 0.98447381 0.00449025 0.44169550
0.65048163 0.39298619 0.06240980 0.79938272
0.28691586 0.51619825 0.12179676 0.32350311
0.44823180 0.19295729 0.10583292 0.98429014
0.73498931 0.97653540 0.07598814 0.50954665
0.74574590 0.25393925 0.00383492 0.78050972
0.22356805 0.73587643 0.10068226 0.78260174
0.49857048 0.39047319 0.09913198 0.48756524
0.02905998 0.93079732 0.07326671 0.21627655
0.00725854 0.79827647 0.07324910 0.01424195
0.22569001 0.34931388 0.09990177 0.73353884
0.98690783 0.78656150 0.03255899 0.40694579
0.39884424 0.78998435 0.00143166 0.13416661
0.09910184 0.27072111 0.00358833 0.21691967
0.60660799 0.75931589 0.10679259 0.99842477
0.59472615 0.70752617 0.12467084 0.78129761
0.16168129 0.16919528 0.12502763 0.96474131
0.07699258 0.43100329 0.10439158 0.01140251
0.88766703 0.29330470 0.07903483 0.23845254
0.02611271 0.06967562 0.03416583 0.16002831
0.56942662 0.17907708 0.08901879 0.87876438
