414
0.06778820 0.38389683 0.05932512 0.70622089
0.06873297 0.12424986 0.06311629 0.49735477
0.17929118 0.81608739 0.03791289 0.44225475
0.97180976 0.65461912 0.03204196 0.25699622
0.04003549 0.63679223 0.04245744 0.95419540
0.00145835 0.07822620 0.01576198 0.00663866
0.74303447 0.59403268 0.05590372 0.99457214
0.07958653 0.96781058 0.04995127 0.59802692
0.87960859 0.45993902 0.03698573 0.58390792
0.69326229 0.68341950 0.04037193 0.30141379
0.94231281 0.46519716 0.03004871 0.65011715
0.07900975 0.52791707 0.00515343 0.61002249
0.20059467 0.98942864 0.05479328 0.98089013
0.69767327 0.52468956 0.06733687 0.03981498
0.68034606 0.01061080 0.01780008 0.47260104
0.32159751 0.27464461 0.02052146 0.98514159
0.16135941 0.32200285 0.03103455 0.80853146
0.17966726 0.74924396 0.06134261 0.86498450
0.27634491 0.01186255 0.03756252 0.53580250
0.96677973 0.86129891 0.05535221 0.75256733
0.15314118 0.88033113 0.05030677 0.71828101
0.32188157 0.20970315 0.06648899 0.41362450
0.33617385 0.91216433 0.02711329 0.47491885
0.45316120 0.68789113 0.04961888 0.40662162
0.69106196 0.60153769 0.05045490 0.96204948
0.38162559 0.83048897 0.01597197 0.62705889
0.69834251 0.64111142 0.05537388 0.67408965
0.49475097 0.53077032 0.00519606 0.65719893
0.06358163 0.31911668 0.01266479 0.77846838
0.10034159 0.72796882 0.03653130 0.37146060
0.77656046 0.90831594 0.03175312 0.91676191
0.45062254 0.13616785 0.06627331 0.96918132
0.14550163 0.01168521 0.04000848 0.88084928
0.41978241 0.44802090 0.02150958 0.16595515
0.68014500 0.10959871 0.00269938 0.56225065
0.95202661 0.65284092 0.05108915 0.48415429
0.61965055 0.80039240 0.00948429 0.86903902
0.10212571 0.66815732 0.00132709 0.90855382
0.46918737 0.53913624 0.05154361 0.67234107
0.33400436 0.93935593 0.02149111 0.78430173
0.12734764 0.82868099 0.01865569 0.17250568
0.51960746 0.51692186 0.03490131 0.13725098
0.77903369 0.67844600 0.04241956 0.14374539
0.48346620 0.57214159 0.04226239 0.13788840
0.11566877 0.33088338 0.00527007 0.06221740
0.06708575 0.84897553 0.02492463 0.98516817
0.62409463 0.88354749 0.05851785 0.06965708
0.34024209 0.58981670 0.03537200 0.13801014
0.69606306 0.03245632 0.04083504 0.88775499
0.17363131 0.96152993 0.02705511 0.83025994
0.38102303 0.34167436 0.05992971 0.64763026
0.74403434 0.63026788 0.01594430 0.03878830
0.66089558 0.79211297 0.02913954 0.37932630
0.51208645 0.14777679 0.02357194 0.48887326
0.87466741 0.76008907 0.03100906 0.57727651
0.97949091 0.14312260 0.02461633 0.36366415
0.06274588 0.57668789 0.05690103 0.10113451
0.43516360 0.41952054 0.05749007 0.52384762
0.97126053 0.86140039 0.06363974 0.40283738
0.96008519 0.97038582 0.03270262 0.71177171
0.29711979 0.01824133 0.01815360 0.14828933
0.03062698 0.49734344 0.04733494 0.85572347
0.24019291 0.16436607 0.06336740 0.83536925
0.91186169 0.96825131 0.00864575 0.38065380
0.15296451 0.19887361 0.03809965 0.50607185
0.55026878 0.81515330 0.00705206 0.32719140
0.38125375 0.48606603 0.01826733 0.87735362
0.06702984 0.25353627 0.00364233 0.05153244
0.82016890 0.65757121 0.05990335 0.82283668
0.87577340 0.49096501 0.04440309 0.03129168
0.52353235 0.59882336 0.02289764 0.11455001
0.37376236 0.46848538 0.00583929 0.68604607
0.85621942 0.42866238 0.00115185 0.83246965
0.99426753 0.09873625 0.05361315 0.59899078
0.62040163 0.50743564 0.05987628 0.54835344
0.34103958 0.63682949 0.00579306 0.36301228
0.38980474 0.27816913 0.01014264 0.54284376
0.93808358 0.06714292 0.04114628 0.45230373
0.36215230 0.92166367 0.04468262 0.91238805
0.50276547 0.27252421 0.05473005 0.29091681
0.77301319 0.82615798 0.02967911 0.30561273
0.72007813 0.56324284 0.06668036 0.52932756
0.27966428 0.34022137 0.03562616 0.23407881
0.63892731 0.93847510 0.03203493 0.66890668
0.97629921 0.54393141 0.00946961 0.94005003
0.83655175 0.25332559 0.03018737 0.55340955
0.91613765 0.87679106 0.02215149 0.46225030
0.62669181 0.74429213 0.00217712 0.12782688
0.08946682 0.24033356 0.06568630 0.98078451
0.32196542 0.74528671 0.00428339 0.80464674
0.14457836 0.02853073 0.03567580 0.01373532
0.29416528 0.66469423 0.06173645 0.82223637
0.99414339 0.92576803 0.03448706 0.65900294
0.85508787 0.26119288 0.05157302 0.94631955
0.19695663 0.79512913 0.02630727 0.52617565
0.51194455 0.74510867 0.02270905 0.90860551
0.25974817 0.22798721 0.01431962 0.09670122
0.82301840 0.68135248 0.00225625 0.56344847
0.42138480 0.36643394 0.05868284 0.14178251
0.15450421 0.06149838 0.00682526 0.69153275
0.59142720 0.92530534 0.05033643 0.70621601
0.34304768 0.68960097 0.06436858 0.03031622
0.83659947 0.24801065 0.02865390 0.47111743
0.08986983 0.88644118 0.00841875 0.49835584
0.18775526 0.24735810 0.03837268 0.25645842
0.61122822 0.09115130 0.00556208 0.23345164
0.35414948 0.62674809 0.06706060 0.76746954
0.38564959 0.06873618 0.03958717 0.99364059
0.78625578 0.99124904 0.04045816 0.29516346
0.86968392 0.82790402 0.06232217 0.06281299
0.13790313 0.61698671 0.01579507 0.24099254
0.12050062 0.13083345 0.00393709 0.89384198
0.42650502 0.80627600 0.01903225 0.43012414
0.25751862 0.17488042 0.02235365 0.58757243
0.59145857 0.86582847 0.03529089 0.40821980
0.58566497 0.64425281 0.05142340 0.58809210
0.99066670 0.58832006 0.03222046 0.30243530
0.50152816 0.92534117 0.00573971 0.35883834
0.74626002 0.77842516 0.01584561 0.43202475
0.57533216 0.48258605 0.00188505 0.03486540
0.44180736 0.00366631 0.03651853 0.33535501
0.96872390 0.16967605 0.03225233 0.75765521
0.14513762 0.53923066 0.04722859 0.24976636
0.57075378 0.76954530 0.00801183 0.32194602
0.41645718 0.59839822 0.05228243 0.68257239
0.65040060 0.53927635 0.00229540 0.24580186
0.33223033 0.30062447 0.04124633 0.16557613
0.05667525 0.93337887 0.00276414 0.35458684
0.56159944 0.34490252 0.00240625 0.16052235
0.88797532 0.01042449 0.02086371 0.01970802
0.17166456 0.15897869 0.02168661 0.00801354
0.95205170 0.80328087 0.00699087 0.44378940
0.35184305 0.41991394 0.04352828 0.29569915
0.78141168 0.28941614 0.02705876 0.17229586
0.85882480 0.36876526 0.03979576 0.37714554
0.92263006 0.16179028 0.00564374 0.05429024
0.38289687 0.65904811 0.04838924 0.07333701
0.18639630 0.42240614 0.04764696 0.74074805
0.40588281 0.44074392 0.02379399 0.99182006
0.24793054 0.61510707 0.00241529 0.45681886
0.84489952 0.92954049 0.04633505 0.80590318
0.27351443 0.25247497 0.04033732 0.28536636
0.14273136 0.79152992 0.06154568 0.31371930
0.00013678 0.09412430 0.02722308 0.03068305
0.78221524 0.29162559 0.04792380 0.06915380
0.36084602 0.26341293 0.05367802 0.24802346
0.40932634 0.08026180 0.04910883 0.86452278
0.87361497 0.01363916 0.01184235 0.80286781
0.45590597 0.84615114 0.05710901 0.12136818
0.76282780 0.31160362 0.05374313 0.29786225
0.58492766 0.21769781 0.02526009 0.50378650
0.86805022 0.62578300 0.05185188 0.01820343
0.30270421 0.59099482 0.05483406 0.98392357
0.44671230 0.17041812 0.04659272 0.86116013
0.38980869 0.38898003 0.00432623 0.94829987
0.15137107 0.00049293 0.06472124 0.44945852
0.85645860 0.67185048 0.01428861 0.30984078
0.37471209 0.66059179 0.06275615 0.40463425
0.53482435 0.16865275 0.00954886 0.22574758
0.80985468 0.15203823 0.01017294 0.96531849
0.39923611 0.84604746 0.05277834 0.58785330
0.71347156 0.64370001 0.05424590 0.39235092
0.59423922 0.41646251 0.03930386 0.58942686
0.63505383 0.60375999 0.06388533 0.90255894
0.76895566 0.18362639 0.00060388 0.50455179
0.75564785 0.29099597 0.04575726 0.10596025
0.79704762 0.70333020 0.06878470 0.97068029
0.13627708 0.02905681 0.03628007 0.43820040
0.49626984 0.23566670 0.05273553 0.65555947
0.02597230 0.40045973 0.05150373 0.83112973
0.15990821 0.28886431 0.04523380 0.32694624
0.60041678 0.25138260 0.05254047 0.05552635
0.97295871 0.85043486 0.02355306 0.22637640
0.91622147 0.57597376 0.06618403 0.96248649
0.25084138 0.15288958 0.05767049 0.85905775
0.30262294 0.23189158 0.02326757 0.49250802
0.97439537 0.47513839 0.01985908 0.57293059
0.33097614 0.09887201 0.01313951 0.99506494
0.60082006 0.19335324 0.02207822 0.38769862
0.14057081 0.85766678 0.01879803 0.18375503
0.40402008 0.75339449 0.05687929 0.22468238
0.54755496 0.26413344 0.00672145 0.65475870
0.04840051 0.21687948 0.05631414 0.73263921
0.00223412 0.33474290 0.01558217 0.26988967
0.46307714 0.19636180 0.00644574 0.59049427
0.82437503 0.55283873 0.05107318 0.84114329
0.14432639 0.53232231 0.01117614 0.96890699
0.99294720 0.51158985 0.00553055 0.05380526
0.03640740 0.24634414 0.01475780 0.02858875
0.49881015 0.69237646 0.00015387 0.34706235
0.79021419 0.02713853 0.04937069 0.06430334
0.15940725 0.87941549 0.01775087 0.63355266
0.13222662 0.91140423 0.05341024 0.47750256
0.27546754 0.83545064 0.04918636 0.74132750
0.08878094 0.35722706 0.05069098 0.37745060
0.14077706 0.09531182 0.02847101 0.79647601
0.67771449 0.12117842 0.05472468 0.24582364
0.52243530 0.11561557 0.01990204 0.08246426
0.02855690 0.64446269 0.05704523 0.95354401
0.46011238 0.15677992 0.02978397 0.83887700
0.08509739 0.16230656 0.05111850 0.75165168
0.23414987 0.46529339 0.02988574 0.02989061
0.59950885 0.63887531 0.04399045 0.79235921
0.67633712 0.08557513 0.04163744 0.97089922
0.35399052 0.24691170 0.00548328 0.46741641
0.62354986 0.04826631 0.03408404 0.76348563
0.57498426 0.25609056 0.05607670 0.10274946
0.78580756 0.90076135 0.01108833 0.59674425
0.54252255 0.44820583 0.06929121 0.07699792
0.23913037 0.13712213 0.06940474 0.39988967
0.16377088 0.07057784 0.04873158 0.94854383
0.44144031 0.57603797 0.04438015 0.33072709
0.08059926 0.67299361 0.04790651 0.61209418
0.30063294 0.18224685 0.02479219 0.65437037
0.59077136 0.04249952 0.04251164 0.88954934
0.33317521 0.99682409 0.00028692 0.34738152
0.78571868 0.24690898 0.05299388 0.58590525
0.47040597 0.86320624 0.06469111 0.57449568
0.34637299 0.47635410 0.06538169 0.97023026
0.60113851 0.73778072 0.06192594 0.74743993
0.16216520 0.92537916 0.06051792 0.05270527
0.90234252 0.29640172 0.02243203 0.09945882
0.43219423 0.48539900 0.02148894 0.56842481
0.30266638 0.99188706 0.04598247 0.26310553
0.63046539 0.69630734 0.06928068 0.41415225
0.32428492 0.77153357 0.00652406 0.41488751
0.95950078 0.93002583 0.06196980 0.15944879
0.48836711 0.46850292 0.01495182 0.99243437
0.28038436 0.55283013 0.03642120 0.62388764
0.26222971 0.04208203 0.03716613 0.68390256
0.23431914 0.27845393 0.01789600 0.79850230
0.01729836 0.88362294 0.05014562 0.63528673
0.09817115 0.83207086 0.06606540 0.08111495
0.62494981 0.98687126 0.04763736 0.36749514
0.60513650 0.95817405 0.03089658 0.70413082
0.88622939 0.42010701 0.01367591 0.94455549
0.60618134 0.78417295 0.06307564 0.17479849
0.75880717 0.28743939 0.05151654 0.09371439
0.00324556 0.05660205 0.05248333 0.81244542
0.08521186 0.64523322 0.03803771 0.45382952
0.59458932 0.79733571 0.00031278 0.42176597
0.75138501 0.21366661 0.05207893 0.77047622
0.00360756 0.92800462 0.00190331 0.11715372
0.82808364 0.78053685 0.03818375 0.55536459
0.69416062 0.05606117 0.05477816 0.67452418
0.76092646 0.79291785 0.05625912 0.03128373
0.48909511 0.82017131 0.01035492 0.37766855
0.39256721 0.38605544 0.02074473 0.60717704
0.45803796 0.08695806 0.01323596 0.73559776
0.66196227 0.14564567 0.00347717 0.18499709
0.43361545 0.92129792 0.03257874 0.50313568
0.87294682 0.71322801 0.04407165 0.80284920
0.33883049 0.41460930 0.03504449 0.25107985
0.84376951 0.85078665 0.00570770 0.52790509
0.10348305 0.98153619 0.05784337 0.59677666
0.82806863 0.46768309 0.05186184 0.96524467
0.24157423 0.81838814 0.05542830 0.79279621
0.15493287 0.68670390 0.06442363 0.62614380
0.56933825 0.35217146 0.03261032 0.11150821
0.33406669 0.65935710 0.00388109 0.35112338
0.13276006 0.63501484 0.03663560 0.18892729
0.02750504 0.61624664 0.01954730 0.75517999
0.96800906 0.82716366 0.05465798 0.15078739
0.15462015 0.39295464 0.00713623 0.08737020
0.38984571 0.72533138 0.05027968 0.92672770
0.97782245 0.96809754 0.04049622 0.12079947
0.16226728 0.55597047 0.00075782 0.75084491
0.38762781 0.53704915 0.04137377 0.62575168
0.57279053 0.29022196 0.00120770 0.58980048
0.91293419 0.17884228 0.05901990 0.13972832
0.21528965 0.99094253 0.06110719 0.62054702
0.69089849 0.00360651 0.01846340 0.48538297
0.69835917 0.91891174 0.05724101 0.26818545
0.25904957 0.74591301 0.05567142 0.60804788
0.08460396 0.33028325 0.02629507 0.38933904
0.14936803 0.51883019 0.05048811 0.23576327
0.48379867 0.39767203 0.02406681 0.99834126
0.36835615 0.72045605 0.06584367 0.39571054
0.08450939 0.42044182 0.05865899 0.02184281
0.86489289 0.50709741 0.03957936 0.53119394
0.88716416 0.32502068 0.06906152 0.71341422
0.12902613 0.06418162 0.06591133 0.37296122
0.92192319 0.04231800 0.01844386 0.62070370
0.50057937 0.46026998 0.01013516 0.48346614
0.47814373 0.55857764 0.05218367 0.77631191
0.83052894 0.61729905 0.03503732 0.06741327
0.04766659 0.96193340 0.05410360 0.47959769
0.40059406 0.95355136 0.05824282 0.92820891
0.78793081 0.58142105 0.01748092 0.86781384
0.19373309 0.83821789 0.04072810 0.94059302
0.86889968 0.17349289 0.00035276 0.09686298
0.79188005 0.70984710 0.02819287 0.02870675
0.15255900 0.15667098 0.03730410 0.59808413
0.62890791 0.94186588 0.02163203 0.22308716
0.00512630 0.53357079 0.06375484 0.56525352
0.20452378 0.67614865 0.03829970 0.73434947
0.52543714 0.98543481 0.06025411 0.76037305
0.68646240 0.23047714 0.04670835 0.02573062
0.08829896 0.53605780 0.05242100 0.06525491
0.42020964 0.94392122 0.00758151 0.00632809
0.89605803 0.66763194 0.05308316 0.08606506
0.22689220 0.31122000 0.02991818 0.13262877
0.88035185 0.52584422 0.05063361 0.72535706
0.39380543 0.63939008 0.04414843 0.92835160
0.73722514 0.62456374 0.02250029 0.53872176
0.18418494 0.59872445 0.00825956 0.19131382
0.43133955 0.84861237 0.01524566 0.39368998
0.63300389 0.92307455 0.00391680 0.49258631
0.01237784 0.45694469 0.00758812 0.37814548
0.21868039 0.60088116 0.06793892 0.67720224
0.16080051 0.04057631 0.04520489 0.83947321
0.08596716 0.25468968 0.00898061 0.14981507
0.67631678 0.88761681 0.05100631 0.95264920
0.47552854 0.23256888 0.05879329 0.00205265
0.64637155 0.76137489 0.03903861 0.16839066
0.50916622 0.61767818 0.04445503 0.06503463
0.85759645 0.59563557 0.03333014 0.44412914
0.14991878 0.14381228 0.01897583 0.02273002
0.49948034 0.03217166 0.04168440 0.35497429
0.07724371 0.99814984 0.00358760 0.09251287
0.31081357 0.17643415 0.00278514 0.67355262
0.88033979 0.66516694 0.02766602 0.34898630
0.19629192 0.42413329 0.01073194 0.25082125
0.95279639 0.90765035 0.04443781 0.52009198
0.13131533 0.81042386 0.01844186 0.55685687
0.56424719 0.55295482 0.01134688 0.23392529
0.44781358 0.02070458 0.06899681 0.71647774
0.37509102 0.24926846 0.04081818 0.64773444
0.66725284 0.79164832 0.05015884 0.22637957
0.05281445 0.03531554 0.03578052 0.84231809
0.02264849 0.46867409 0.02723012 0.06407554
0.06738331 0.22462772 0.05779132 0.29951913
0.89296419 0.53234373 0.03492018 0.00740752
0.74455096 0.22891683 0.04842521 0.09105222
0.73605356 0.52946493 0.04134483 0.23828286
0.24208404 0.54831745 0.02123676 0.04781834
0.39982542 0.68045097 0.01378587 0.22781261
0.80708553 0.44615039 0.05686471 0.53693514
0.05502176 0.50018699 0.03401418 0.22213955
0.22902828 0.67380897 0.02455731 0.31358673
0.52164510 0.55669407 0.04202680 0.32459273
0.29976788 0.22370554 0.06661189 0.81956267
0.71952106 0.37884528 0.02362491 0.66876615
0.36961091 0.97641032 0.04018047 0.78986326
0.44765025 0.60797761 0.00707608 0.23204282
0.01033194 0.67530087 0.00941844 0.66560857
0.39844374 0.81141967 0.02341945 0.51488176
0.18186633 0.08902160 0.00186137 0.63639077
0.12334893 0.06200940 0.03742600 0.82218298
0.15636403 0.04191141 0.01497359 0.49233420
0.56876464 0.32047262 0.02679100 0.06099805
0.11852820 0.10126835 0.00587676 0.24738594
0.88277080 0.40333452 0.03939470 0.37337353
0.01805688 0.13050325 0.04550239 0.98152929
0.80896251 0.92241494 0.01553518 0.98297359
0.67077973 0.13259645 0.03046760 0.63386353
0.45224734 0.10337590 0.06439533 0.14703598
0.87141353 0.50709396 0.05920792 0.33898078
0.84764015 0.18327857 0.06061001 0.68025524
0.07633092 0.30372028 0.06556120 0.86681280
0.01813006 0.57888244 0.04360755 0.47829820
0.11507152 0.81220206 0.04178966 0.21004198
0.83457461 0.40359328 0.01476413 0.77504763
0.13604135 0.07430534 0.03833955 0.23208335
0.61591072 0.47132695 0.05957821 0.25039212
0.39742085 0.96696796 0.04005162 0.38047457
0.32467051 0.20340227 0.01441332 0.94971732
0.52404383 0.43292789 0.06049163 0.85726068
0.43603041 0.46184860 0.06203398 0.78567387
0.74086567 0.36807174 0.04365650 0.02271853
0.35687146 0.38940431 0.01133538 0.55758794
0.17616297 0.36477397 0.03153407 0.61926949
0.09515456 0.83265059 0.03183893 0.69900364
0.28238128 0.08166803 0.00325524 0.91205344
0.14692398 0.48854952 0.02071543 0.21809406
0.93098020 0.31131571 0.05325634 0.68298328
0.96136498 0.98054532 0.01692396 0.10369603
0.49032089 0.68248301 0.01172607 0.95356716
0.65976402 0.68362005 0.01843420 0.25224310
0.57897312 0.86604397 0.01194517 0.37876756
0.25112752 0.61217815 0.02375103 0.02636756
0.70888293 0.71000408 0.01270886 0.80334894
0.95853430 0.04555483 0.05548790 0.12049153
0.55654337 0.64936650 0.06823660 0.91108878
0.39401929 0.69933008 0.04752577 0.07305063
0.17706264 0.66491347 0.03755715 0.13016359
0.19856839 0.31980951 0.04535977 0.39432254
0.00846964 0.57994110 0.00901792 0.30542289
0.06988224 0.96527104 0.04693141 0.00748937
0.15305720 0.59556124 0.04785504 0.39951357
0.70841407 0.54037079 0.04651867 0.24753710
0.44413037 0.45293180 0.00212533 0.78906497
0.83697888 0.43439454 0.00309082 0.46726691
0.51871400 0.30582898 0.03894805 0.75123982
0.46973977 0.58703746 0.03891648 0.81287425
0.09184529 0.34366421 0.04990711 0.31460266
0.72650315 0.28464313 0.03836661 0.56218737
0.56036995 0.05663491 0.05572175 0.92717011
0.61787547 0.96691708 0.04406527 0.26444451
0.84872346 0.79576531 0.06913197 0.34241983
0.27102323 0.62036147 0.04045682 0.57718446
0.14179598 0.44890161 0.06390365 0.05561628
0.39295764 0.79440877 0.05654098 0.53524713
0.49897785 0.76782607 0.00629634 0.69276810
0.42916704 0.20681329 0.02235871 0.22976145
0.95373973 0.10658194 0.02910181 0.19246546
0.40906574 0.94349469 0.06796327 0.71416410
0.17947395 0.00650267 0.05050888 0.95026068
0.67307215 0.03190019 0.05689715 0.71816805
0.59831598 0.90311416 0.05609283 0.82567977
0.31407773 0.75733361 0.05095687 0.79729805
0.54263047 0.86160219 0.05640475 0.42596410
0.93402682 0.04311393 0.05102532 0.57793412
0.13939798 0.95068210 0.06209144 0.92174928
