51
0.15057397 0.03125015 0.14171414 0.44733325
0.65251200 0.62697325 0.02182437 0.09325345
0.62987585 0.05324309 0.21893645 0.44343258
0.98395966 0.94491782 0.19458521 0.37408800
0.36959470 0.97807168 0.13224678 0.50042097
0.53890984 0.23970716 0.21873858 0.96221507
0.99983769 0.60165285 0.02116930 0.36445923
0.79037202 0.13199140 0.10286643 0.45865200
0.65234294 0.78543422 0.20453529 0.31609027
0.75166533 0.01623122 0.04163065 0.37467572
0.66332685 0.59222681 0.12738557 0.04207794
0.72799714 0.62914323 0.18207800 0.90433762
0.04141757 0.69410574 0.09264922 0.42247920
0.18757547 0.09190003 0.09981792 0.73309986
0.72775132 0.81382759 0.06375645 0.36304513
0.86463128 0.39831900 0.20409213 0.80456892
0.69084178 0.84467175 0.19707654 0.66715421
0.09548195 0.29537318 0.10089025 0.10213934
0.89977771 0.20471370 0.00383295 0.71289761
0.23144840 0.16737547 0.14393677 0.87317717
0.44624175 0.74946921 0.20047965 0.87507252
0.30590713 0.94293168 0.21581441 0.51193143
0.79279934 0.13002429 0.21658063 0.91268823
0.90022112 0.02897924 0.04020896 0.68536101
0.34215076 0.17355228 0.13168487 0.51534753
0.70821256 0.05443912 0.14944272 0.93030749
0.61289193 0.19771622 0.07174560 0.45369914
0.48081448 0.61355617 0.17871867 0.00007728
0.39258531 0.58265556 0.17346958 0.58309039
0.10913870 0.45839822 0.01928197 0.64148473
0.75938081 0.34420339 0.12295039 0.99777431
0.82940220 0.48897069 0.18083730 0.92565228
0.38517854 0.08819185 0.00980042 0.55896347
0.81398002 0.29309763 0.07268999 0.89296179
0.34793330 0.26444225 0.15048048 0.98700392
0.97470055 0.78302263 0.00492246 0.68635634
0.91201075 0.28361661 0.04348333 0.11006929
0.88747478 0.75867028 0.07420851 0.02386700
0.99947088 0.57431735 0.03904332 0.84473228
0.46044982 0.23126171 0.15976976 0.82990895
0.26855731 0.54092617 0.10188669 0.92795320
0.28095558 0.06418116 0.20150871 0.41538570
0.22490112 0.11058101 0.03363002 0.12596816
0.63544508 0.83203086 0.10888846 0.80880631
0.33551915 0.64826829 0.12946326 0.20384599
0.52280021 0.56983419 0.08055617 0.51294415
0.41476331 0.29497877 0.11936631 0.03613070
0.26530612 0.78571447 0.11015116 0.78106677
0.42388992 0.84674988 0.00724210 0.25828711
0.87570026 0.41354950 0.05059589 0.52423397
0.71693487 0.43743288 0.18571613 0.86514707
