240
0.04886069 0.84540787 0.08995954 0.41952173
0.65983765 0.85369976 0.02944006 0.35138588
0.51528124 0.91722841 0.00555701 0.86407611
0.19167744 0.75306297 0.10170179 0.27829076
0.83168791 0.66273924 0.05198721 0.62249514
0.26697920 0.07349600 0.03776428 0.65105965
0.62572665 0.64773349 0.01390742 0.26754792
0.20951460 0.17851322 0.06880904 0.84718537
0.24719532 0.46821721 0.03336221 0.96987567
0.83631096 0.07954642 0.09499986 0.21734474
0.28249216 0.45096210 0.02129212 0.98775355
0.28499232 0.76434588 0.04948854 0.89471619
0.65264931 0.02392853 0.07039270 0.54072638
0.17560087 0.47544477 0.03088675 0.64468576
0.40473250 0.57505562 0.01396442 0.26673380
0.03317713 0.64355164 0.04867623 0.22635868
0.29538970 0.16329664 0.07271511 0.57507392
0.34989460 0.71702906 0.06005567 0.52728850
0.82682134 0.71230281 0.10638761 0.57126378
0.13500309 0.22175517 0.10694333 0.19550463
0.03843115 0.92176607 0.05589935 0.02917814
0.70820073 0.02116853 0.09811377 0.10914133
0.13810088 0.84278896 0.09869567 0.97494986
0.15516635 0.43482648 0.03018233 0.44843521
0.51315628 0.65310339 0.03058272 0.11289062
0.53315807 0.56709761 0.02239041 0.03006552
0.79250808 0.41161940 0.01657425 0.03477369
0.48860461 0.29888303 0.05674062 0.62119266
0.80904207 0.36843551 0.00416742 0.51089716
0.26906059 0.48046547 0.10579355 0.08278043
0.27745197 0.93290288 0.10580815 0.25361058
0.69700175 0.68215045 0.01953553 0.03292330
0.83531089 0.94517253 0.05098829 0.46182159
0.39247606 0.31399480 0.06356172 0.66727832
0.68138361 0.74941673 0.05867425 0.26100842
0.57731385 0.82532550 0.07805730 0.49183774
0.06720659 0.16344333 0.08185233 0.80069466
0.88459718 0.17532100 0.00405882 0.76470931
0.44469860 0.95401358 0.09506294 0.57316410
0.08604775 0.31406148 0.06272764 0.04143853
0.77784232 0.15959454 0.05661075 0.99572280
0.95393074 0.22105126 0.02479051 0.52554784
0.24795135 0.19326974 0.08273604 0.70548116
0.75037173 0.79132902 0.08021432 0.52308329
0.91662020 0.00016129 0.05748698 0.26499790
0.92402681 0.58034216 0.09237464 0.10667892
0.37076654 0.54049764 0.02839703 0.06410871
0.36289579 0.69031821 0.09841507 0.69090098
0.02654732 0.83516285 0.04424005 0.06769786
0.56774164 0.35827853 0.02048332 0.10296304
0.45616877 0.89750885 0.00141637 0.08716743
0.61861960 0.62672865 0.10819420 0.57744288
0.68597404 0.22443750 0.01426635 0.11066965
0.37757247 0.94737504 0.01032443 0.85823290
0.98029875 0.86540797 0.03984123 0.60414864
0.22113250 0.94190095 0.06248955 0.95406692
0.46955837 0.23312003 0.06405069 0.89632844
0.49987898 0.75664384 0.02262069 0.54962928
0.10141394 0.18428398 0.05880958 0.46119011
0.72863935 0.43109398 0.07795324 0.14114774
0.18251096 0.69162718 0.09491123 0.90665905
0.78535368 0.85346835 0.00349493 0.37171147
0.59192158 0.06181256 0.05929060 0.65429936
0.01600629 0.34603129 0.10178477 0.53389673
0.66180706 0.40569317 0.09728366 0.39386518
0.77425597 0.56052043 0.02178703 0.50895688
0.49616673 0.80719721 0.06094545 0.40939473
0.20564354 0.99307995 0.04887767 0.93239362
0.06803086 0.35739698 0.11013597 0.31729942
0.13719085 0.15452745 0.08816772 0.40843937
0.49621928 0.77636757 0.06121946 0.16361639
0.59612586 0.30329390 0.08352460 0.82200878
0.39474584 0.40185558 0.06145081 0.88083704
0.46374161 0.07133097 0.03473977 0.28663248
0.94821325 0.87097054 0.03638595 0.91510809
0.13979241 0.09084572 0.08830180 0.77778677
0.08542181 0.83273144 0.09292825 0.77178518
0.54539046 0.60688626 0.10746906 0.78683184
0.68844766 0.85111452 0.05576666 0.38388082
0.93972600 0.27375115 0.06732169 0.95122302
0.74378422 0.64421054 0.02803455 0.47828566
0.56552795 0.82577065 0.05387967 0.61101303
0.84727205 0.11074125 0.07482411 0.13073145
0.38480015 0.12763354 0.08885074 0.97879618
0.67044639 0.36526665 0.00240257 0.48355984
0.72064664 0.57003137 0.05281915 0.29398954
0.81977549 0.01602921 0.01995468 0.85368276
0.88196145 0.00641584 0.02254239 0.85678104
0.37121894 0.12524844 0.03718190 0.78409267
0.72455061 0.01478601 0.10320903 0.35374546
0.83746746 0.97439836 0.01719213 0.32348294
0.26628913 0.64349214 0.04098838 0.67938345
0.31833759 0.05122783 0.06821926 0.51980808
0.77308040 0.63905621 0.03782770 0.25674765
0.15224467 0.43628311 0.03926217 0.83018043
0.93489334 0.56884050 0.10045441 0.78311014
0.47444975 0.18710555 0.03413163 0.14876273
0.76108980 0.06114737 0.04012093 0.73545069
0.32290890 0.43821290 0.04389508 0.92231399
0.30712665 0.70824274 0.09780712 0.00561518
0.19288476 0.15631069 0.04117912 0.58058554
0.21091855 0.61253092 0.03290806 0.95371394
0.67822557 0.66086623 0.01302648 0.42137098
0.98150194 0.54543311 0.01026056 0.16468372
0.03197180 0.36370353 0.02983463 0.49653209
0.67604998 0.69855634 0.04943955 0.41074631
0.71410914 0.26625756 0.08221366 0.73091677
0.70963404 0.65938197 0.03766115 0.89593416
0.69845111 0.03620354 0.00524289 0.81276283
0.62327731 0.82506429 0.06942424 0.40062959
0.01604768 0.93673209 0.06089663 0.26062387
0.17981893 0.32068065 0.02814775 0.31601267
0.20654105 0.68113240 0.10499765 0.90095587
0.26066568 0.64076342 0.02279463 0.77661657
0.84307463 0.19221310 0.01792032 0.33658902
0.15806719 0.94757358 0.01635595 0.62558822
0.04338819 0.05522429 0.04207231 0.50623503
0.64246480 0.67498233 0.01612135 0.73928657
0.53317628 0.12125180 0.06041606 0.88104527
0.89477822 0.88835765 0.08258128 0.45314285
0.58239424 0.05825915 0.00746797 0.79169596
0.83440407 0.78381401 0.10142249 0.65314604
0.41967496 0.65102355 0.04010428 0.00808648
0.84366625 0.43877677 0.04496949 0.71786755
0.79717709 0.52067307 0.08770827 0.68266916
0.30316352 0.95805758 0.04517722 0.85807491
0.71182072 0.43207932 0.02662463 0.74990586
0.41441880 0.99926689 0.01983728 0.03309954
0.00956799 0.99906527 0.01007906 0.56902343
0.33896816 0.05445861 0.00059198 0.53547148
0.64009272 0.57919626 0.07880140 0.87936809
0.84394354 0.83151078 0.04756123 0.19326594
0.22273006 0.93753165 0.11009228 0.29417681
0.42007880 0.19790343 0.11197511 0.34247159
0.31794787 0.16808970 0.08573429 0.23022394
0.45851601 0.96241966 0.06683387 0.66552964
0.97761292 0.31939275 0.08594904 0.50648211
0.03604233 0.97609208 0.08474623 0.03942630
0.76922306 0.13143583 0.03838053 0.90577757
0.07780413 0.93718659 0.06089947 0.85359830
0.65914588 0.11508486 0.07009110 0.52078259
0.25388386 0.90611454 0.09768335 0.35159967
0.29347941 0.97128360 0.09471192 0.54441843
0.08031848 0.41821865 0.07332243 0.69976219
0.85712891 0.41040033 0.02530524 0.00708413
0.57101132 0.53080145 0.08182007 0.83287859
0.17792336 0.78102427 0.10771052 0.24693248
0.48189215 0.34508984 0.07690731 0.36610301
0.46610421 0.20438102 0.03903021 0.60949334
0.54685113 0.92609781 0.03196900 0.24082068
0.28625577 0.49900746 0.09343577 0.46986463
0.68897178 0.62824928 0.03611363 0.16897712
0.70137444 0.71469063 0.03015413 0.22811216
0.62583940 0.18923468 0.01537924 0.80962247
0.86568633 0.66500040 0.09503114 0.70776502
0.43467418 0.80437513 0.06976390 0.72742491
0.37105901 0.51326902 0.07108749 0.62657112
0.84752965 0.95470140 0.06655170 0.71388257
0.70098644 0.22803100 0.07288679 0.65607267
0.90612432 0.86449285 0.10999978 0.12137369
0.32990753 0.60622194 0.09517809 0.40751323
0.49218167 0.99798868 0.01271041 0.84493600
0.05504485 0.83308739 0.08163269 0.35627318
0.29457826 0.84871179 0.05035699 0.18921339
0.76650490 0.14662432 0.01795113 0.24675840
0.21787073 0.34278876 0.02728248 0.44829152
0.12611612 0.86936735 0.06116259 0.05176307
0.44927782 0.18418683 0.07667765 0.41552205
0.60237286 0.48642796 0.00185650 0.25887969
0.05602748 0.51662055 0.04887549 0.28841524
0.44921862 0.49257417 0.02668841 0.83705686
0.12934552 0.80415032 0.02408391 0.51336936
0.88553879 0.45160898 0.10862243 0.97741828
0.40553247 0.36072068 0.10334398 0.78245226
0.19221224 0.15053025 0.07508916 0.31367316
0.33088644 0.96824149 0.00069563 0.61479438
0.55399616 0.77562583 0.04312059 0.62385948
0.87463323 0.59515559 0.05096439 0.27271689
0.47176888 0.56868023 0.03744701 0.88300210
0.25271732 0.06933023 0.01911816 0.09348386
0.48057031 0.02985817 0.02819169 0.32490320
0.91293609 0.95740532 0.00829186 0.12502193
0.58517009 0.07009558 0.07190001 0.39838487
0.66786432 0.38471708 0.09761561 0.26876384
0.62101795 0.52411783 0.07734679 0.49992982
0.25620092 0.80624381 0.03159366 0.44324498
0.49798896 0.22277806 0.09624607 0.43652902
0.36068630 0.26975209 0.07500646 0.28349722
0.20321766 0.15278093 0.00826422 0.89111433
0.73251133 0.09659771 0.03933039 0.30452917
0.51594562 0.67521896 0.02325104 0.26365355
0.40968785 0.75688033 0.02301463 0.32257201
0.32195933 0.43064720 0.07740360 0.12690507
0.73235748 0.30823615 0.07311010 0.03842458
0.32688996 0.93225446 0.04981286 0.44930769
0.22064445 0.71502719 0.06759813 0.79084577
0.17795168 0.75414766 0.10266493 0.52089817
0.18325311 0.12425346 0.04963046 0.08529621
0.36017303 0.70851886 0.09177049 0.74076998
0.84763862 0.72644877 0.02449550 0.44664451
0.69878891 0.67910044 0.00698080 0.45448557
0.52518665 0.17550880 0.02876391 0.07460249
0.59043554 0.65926213 0.08008206 0.58098560
0.11485400 0.33101766 0.02978756 0.78023039
0.23994864 0.27418793 0.01346919 0.39042347
0.00943657 0.97124933 0.02125024 0.73477261
0.60040001 0.88140111 0.05730246 0.79642041
0.30888732 0.29800927 0.03949117 0.38157972
0.69887806 0.36293890 0.01822989 0.67840192
0.48712867 0.90082534 0.03443250 0.47980390
0.05869730 0.60572288 0.05117917 0.35637847
0.46127667 0.81359687 0.10513910 0.71946812
0.19283809 0.61651450 0.10226601 0.51911747
0.68602545 0.60885264 0.01370031 0.19417045
0.66786073 0.44754202 0.03265399 0.70811064
0.55862620 0.35414287 0.04394409 0.82716660
0.88461913 0.18724384 0.09535645 0.54202666
0.86949242 0.53749649 0.07624547 0.32933987
0.39631901 0.69930987 0.04637062 0.82563886
0.11922266 0.16923208 0.02279575 0.83963758
0.30798959 0.73462887 0.00055645 0.86857947
0.33805893 0.29079840 0.10874457 0.97353105
0.78941630 0.44622396 0.04880943 0.01462605
0.81560306 0.66098323 0.04303642 0.52591405
0.57826889 0.65535553 0.03354345 0.28055680
0.47185311 0.22234401 0.05313493 0.41591783
0.91492985 0.51345870 0.10429511 0.83113092
0.19806500 0.12593839 0.01956019 0.32307468
0.51393979 0.29726146 0.06212283 0.55942376
0.31936493 0.10103786 0.10556240 0.87192401
0.41875984 0.44604672 0.05724479 0.23368258
0.59180321 0.95450025 0.07533396 0.52784670
0.13595471 0.56203525 0.08997199 0.80513923
0.54295646 0.45669942 0.03873336 0.34951248
0.81120345 0.85332271 0.08441528 0.31447467
0.65002187 0.11806088 0.09868115 0.64321278
0.30062759 0.44413668 0.01347444 0.80482373
0.08418538 0.15657154 0.01962686 0.16547672
0.66689140 0.23779993 0.02170090 0.14067222
0.13025904 0.25445858 0.06019765 0.81114461
