137
0.55303807 0.87800195 0.03101770 0.68972213
0.26290708 0.04878616 0.02485899 0.86424604
0.83589808 0.80815988 0.01696365 0.40820943
0.77717383 0.10164327 0.07011207 0.13551849
0.24557160 0.28131876 0.03113393 0.37278646
0.67994851 0.14025627 0.01115174 0.78927370
0.66952291 0.28844305 0.01998347 0.36124836
0.52124276 0.90252497 0.03473407 0.12631680
0.59886454 0.93995746 0.08432367 0.56786860
0.14671121 0.29275412 0.00164846 0.44500900
0.03831544 0.15488365 0.05259261 0.55860317
0.59152591 0.82363208 0.04100783 0.36300254
0.27656569 0.12482430 0.00746773 0.22600932
0.88994889 0.71549649 0.07246216 0.67426804
0.34355919 0.10748842 0.02864548 0.09157984
0.10143226 0.99802955 0.04069425 0.01063340
0.63576165 0.81101971 0.05985777 0.64793155
0.09533160 0.99965135 0.02619200 0.64690569
0.30850047 0.25717467 0.06580533 0.86446171
0.63791536 0.60275676 0.07397139 0.81478865
0.03632623 0.45570414 0.02929159 0.11555877
0.81275289 0.63301401 0.01046658 0.34570279
0.08144226 0.00190681 0.07160113 0.89346295
0.93087432 0.91438417 0.04264288 0.35918592
0.94106292 0.77797226 0.05180317 0.48081326
0.77137640 0.88281646 0.06117944 0.74583962
0.58922525 0.72073539 0.04583202 0.52426733
0.34825823 0.76239478 0.04590809 0.04214611
0.32729198 0.69222497 0.04623044 0.42206204
0.85702151 0.36385189 0.04319808 0.13922580
0.26488319 0.57940465 0.02975777 0.76158952
0.26528088 0.48254974 0.04491632 0.90148162
0.64377519 0.83422151 0.03266462 0.46453936
0.49256102 0.87846418 0.02009595 0.64123398
0.78755815 0.54806474 0.01016410 0.09843229
0.09732325 0.27006946 0.00782205 0.08169077
0.02550778 0.84456704 0.01127971 0.10414430
0.44597299 0.13962516 0.07631113 0.04062063
0.26212703 0.11571024 0.00007459 0.09180380
0.74925882 0.31215414 0.07361259 0.18668925
0.18283122 0.68235165 0.02047680 0.90578977
0.67891648 0.15297290 0.05878952 0.10982344
0.61570389 0.89275073 0.04150258 0.21665833
0.34894203 0.98267030 0.03679493 0.04014444
0.14343022 0.97973968 0.04383456 0.89704591
0.05012636 0.36874160 0.01493706 0.50543114
0.86053770 0.92323176 0.08003370 0.04030549
0.57344162 0.73354006 0.07076272 0.40137807
0.32872272 0.72401513 0.07604041 0.18420012
0.31625504 0.56251483 0.01637269 0.37058671
0.45250819 0.49550494 0.06885967 0.02818919
0.92675861 0.10770817 0.06859240 0.65847544
0.79587998 0.18242437 0.02483123 0.41806912
0.77948464 0.26742472 0.08773855 0.99838022
0.99647720 0.67191304 0.06352245 0.12960611
0.39519663 0.47431512 0.07283458 0.06609257
0.71212450 0.69392316 0.05300195 0.81804211
0.05374225 0.86055533 0.06024881 0.46701565
0.46793094 0.05483236 0.01033491 0.02335084
0.81763919 0.94837124 0.05956472 0.54437593
0.81596228 0.95672414 0.01578554 0.60481994
0.47422500 0.07045921 0.07552358 0.88352250
0.75456701 0.48650932 0.05348399 0.60505119
0.50383697 0.83464574 0.05603064 0.10318496
0.48696476 0.52642656 0.00563687 0.00034073
0.61048705 0.70949290 0.07620350 0.89115804
0.25481873 0.73918072 0.04288097 0.97852867
0.30600505 0.14125051 0.02996745 0.62230599
0.48625410 0.94948269 0.04330630 0.45862351
0.45163477 0.38945335 0.00320236 0.41127552
0.34440706 0.61920180 0.02312728 0.92888172
0.36097844 0.74434588 0.04584405 0.06867227
0.77294812 0.06376284 0.04521734 0.06761507
0.71120299 0.94291227 0.04623716 0.13217546
0.72847455 0.69877208 0.03013169 0.83715043
0.28888248 0.08331354 0.03417102 0.70426725
0.59541531 0.06892098 0.02965304 0.23589558
0.68806198 0.40345378 0.03741652 0.96731969
0.04620483 0.61182241 0.00218392 0.93983317
0.41181860 0.70713849 0.06242343 0.87066882
0.07407185 0.49853851 0.02379160 0.99346874
0.17114801 0.58730349 0.07025081 0.27821430
0.67308725 0.96153686 0.02526615 0.10475900
0.72945784 0.88413532 0.05392842 0.28114218
0.24918809 0.18961232 0.00160355 0.95578774
0.85175131 0.31497729 0.08409665 0.65415806
0.66619047 0.57381592 0.03344841 0.71382135
0.21393600 0.31609695 0.08081432 0.31677939
0.42070291 0.59617258 0.01168307 0.75103992
0.47826835 0.48774937 0.01090630 0.88931715
0.87071537 0.24087968 0.02184713 0.42753843
0.68644496 0.07914230 0.03433451 0.19022211
0.33920574 0.39842605 0.00866768 0.72760543
0.97690240 0.22852996 0.01786174 0.95441255
0.53113076 0.13620361 0.00395471 0.82032812
0.96006854 0.75662679 0.01685360 0.06071430
0.29624017 0.69769691 0.01994567 0.14610118
0.52909881 0.12842566 0.03292355 0.83209155
0.89566491 0.30977402 0.01745515 0.70531971
0.41052119 0.24689826 0.01412150 0.83850767
0.36229346 0.07981551 0.00866408 0.72163914
0.35984481 0.28158581 0.06335960 0.43971398
0.94945852 0.73173007 0.01349835 0.14904719
0.24635828 0.08246299 0.01964153 0.85417010
0.86648480 0.10533226 0.00456412 0.38866687
0.40420242 0.47010624 0.00461108 0.34181191
0.44768852 0.69681237 0.00664407 0.78319239
0.37170053 0.81802949 0.03305814 0.70763225
0.77046813 0.96538939 0.00550857 0.04558158
0.94777131 0.22820325 0.04116798 0.92885737
0.00581296 0.66572468 0.06230886 0.96979599
0.04434186 0.70613171 0.07907611 0.51731210
0.06667144 0.79682847 0.04509688 0.51030640
0.97538276 0.30233327 0.00128932 0.19603273
0.19196580 0.12846965 0.08724998 0.82740500
0.19895557 0.60355273 0.00524501 0.64647049
0.33915447 0.43142481 0.05004247 0.51080076
0.43149098 0.80871232 0.05979898 0.83079036
0.83657761 0.50700327 0.07565112 0.47319832
0.36713009 0.15487835 0.00065558 0.72615372
0.08998735 0.70897702 0.07011494 0.89172865
0.72452841 0.17594697 0.05707765 0.66789853
0.24458869 0.56221536 0.03234321 0.59435069
0.88553494 0.04336083 0.04511211 0.27341345
0.82791261 0.47150057 0.08669138 0.96587882
0.72138424 0.39165886 0.01126487 0.80725126
0.77437833 0.08863035 0.07681253 0.06212654
0.73693116 0.55070126 0.06723843 0.70175736
0.81330209 0.33256807 0.02034829 0.73374448
0.72259141 0.17758596 0.04899694 0.35938143
0.57147630 0.05714366 0.02112862 0.17462842
0.78162447 0.95924051 0.06583500 0.56939554
0.50176528 0.21576435 0.03684807 0.89375506
0.46855993 0.87084229 0.06883441 0.55359767
0.57221547 0.14899624 0.07454150 0.60107918
0.52945661 0.05080007 0.08758988 0.35330134
0.16381528 0.01879985 0.07350831 0.49082644
