351
0.54866196 0.83178859 0.04709283 0.50588627
0.86980420 0.17198506 0.00369407 0.23958776
0.76732810 0.42885360 0.04351693 0.92102708
0.32687935 0.52431187 0.02101667 0.18237607
0.81085449 0.60743369 0.04581748 0.60111932
0.20826893 0.37671447 0.05002000 0.80098423
0.71097327 0.01857179 0.04521062 0.11806395
0.48602929 0.29926957 0.02491698 0.01439432
0.40887611 0.46943957 0.05812590 0.57773461
0.38017617 0.17409402 0.02376753 0.59529526
0.48942192 0.59408671 0.00266901 0.86352483
0.77311333 0.84998121 0.03497568 0.36625660
0.00197165 0.37944280 0.05726990 0.13887127
0.57502410 0.03861442 0.02667419 0.05361693
0.90860530 0.31204022 0.00832108 0.67097266
0.47874522 0.24279712 0.05767900 0.41559383
0.67850409 0.71960959 0.00243025 0.93687873
0.56960683 0.13855885 0.02000902 0.13399120
0.87223625 0.11151307 0.05052249 0.16320126
0.59606218 0.61080723 0.01718672 0.40663978
0.05098660 0.69908927 0.01404978 0.78306222
0.45944758 0.45747394 0.01970472 0.75097855
0.18466775 0.63931888 0.05256967 0.15991400
0.31594140 0.72051257 0.04267650 0.32773014
0.70087538 0.20549870 0.04667294 0.51072810
0.11409383 0.21516477 0.03566641 0.33421730
0.33995599 0.56443879 0.00357682 0.98462375
0.86004863 0.18413345 0.03854499 0.06582555
0.61726996 0.99999645 0.03275298 0.02095291
0.39043872 0.83527742 0.05997437 0.19801433
0.91522764 0.52035969 0.01979966 0.54911170
0.85331835 0.21850461 0.03041844 0.34960608
0.94531570 0.88572906 0.04839416 0.94863027
0.26490433 0.88808408 0.03728922 0.10755594
0.48403528 0.80845606 0.04936631 0.19454937
0.70753124 0.38516725 0.04420194 0.88493729
0.10168574 0.24409435 0.02419936 0.75995064
0.55529446 0.70239433 0.04050153 0.32714823
0.92465665 0.23758492 0.05075265 0.93688143
0.14161205 0.45793980 0.00154802 0.54807903
0.86292332 0.72510217 0.05875456 0.10167057
0.76896842 0.64840350 0.05771552 0.67898507
0.39618995 0.01221461 0.00825662 0.43184435
0.67000408 0.32152321 0.05264324 0.91623628
0.56339712 0.22938912 0.05958755 0.97606708
0.76723383 0.88229729 0.00908830 0.53019767
0.12752919 0.60376333 0.05488955 0.12205214
0.57680920 0.13880897 0.03060678 0.23591562
0.54378737 0.51010747 0.05576992 0.80384962
0.15042604 0.64611354 0.00124272 0.25651894
0.77777803 0.91485872 0.02146032 0.46230148
0.20553143 0.13822389 0.02698156 0.98658605
0.58888988 0.59275787 0.02991550 0.43942717
0.85129506 0.05187107 0.05114600 0.87403097
0.10006545 0.06976592 0.05112163 0.29713778
0.03133695 0.63593578 0.05100923 0.97187699
0.63846136 0.48877848 0.02609478 0.75730032
0.54743493 0.03648232 0.00122408 0.48999137
0.20313347 0.40714715 0.02527721 0.86107511
0.84530036 0.61540639 0.00530029 0.11535407
0.62592014 0.19236211 0.05621192 0.69716335
0.33070149 0.54448661 0.01084424 0.49316448
0.06080257 0.54694602 0.02234501 0.11765555
0.70385673 0.33351834 0.00825666 0.57391272
0.42450718 0.66472997 0.01824438 0.77380527
0.69396778 0.26405800 0.03656510 0.94724287
0.58804154 0.34420541 0.05563568 0.62998731
0.90630649 0.77236724 0.02350653 0.81495948
0.89741759 0.55754019 0.04086609 0.06770943
0.45954386 0.69508376 0.02728350 0.90937231
0.69177005 0.03688144 0.03125981 0.44194757
0.14682355 0.59140869 0.02383486 0.27343579
0.32220913 0.76834407 0.02561105 0.67664597
0.62942405 0.26785619 0.04607665 0.85926274
0.09778318 0.17478987 0.01649356 0.69605253
0.19737329 0.95624515 0.00961229 0.45276050
0.14690250 0.74627976 0.01501059 0.89441578
0.19758068 0.18509606 0.00309791 0.00892625
0.61857449 0.45544630 0.04553962 0.36416316
0.17190910 0.12629099 0.02763291 0.67336365
0.46596717 0.81766831 0.01105130 0.24082501
0.41147457 0.31172776 0.03809579 0.56619350
0.26209741 0.00291496 0.02431761 0.59033204
0.26536506 0.83908506 0.00849194 0.17912455
0.05835696 0.20627039 0.00602896 0.38204924
0.00529197 0.55161456 0.03056480 0.57892064
0.32521390 0.46523310 0.03997949 0.14146450
0.36128861 0.57718803 0.03780659 0.93969253
0.56097759 0.57667668 0.03186294 0.80915310
0.83741058 0.00143407 0.04694517 0.75290804
0.00074642 0.83293256 0.00237655 0.93330833
0.00318817 0.92406612 0.04144535 0.36672927
0.42053791 0.11338723 0.01549626 0.63321864
0.56281899 0.34160239 0.00588905 0.10263676
0.80301493 0.04972162 0.00909078 0.08205304
0.31845021 0.94042262 0.03307536 0.25020087
0.33715943 0.60852624 0.04991704 0.43976360
0.69055877 0.36321361 0.00233628 0.74539581
0.39288002 0.17916913 0.02149297 0.69451594
0.25233513 0.25868682 0.00242888 0.10521815
0.58134241 0.25419132 0.05303765 0.70153909
0.70252746 0.15279624 0.05695769 0.65805254
0.39531696 0.97113457 0.01668001 0.38108726
0.40854735 0.27761176 0.04552582 0.14680938
0.00571684 0.35908599 0.00301857 0.47401237
0.72443846 0.66152437 0.02779227 0.41444206
0.53035347 0.11377911 0.03329525 0.82583121
0.28624332 0.52238022 0.03123780 0.79925479
0.37477758 0.73996692 0.05669978 0.74329407
0.44277623 0.88325384 0.00579968 0.71526414
0.03383586 0.92866486 0.00399841 0.86646486
0.72207741 0.20571219 0.06063903 0.81742337
0.26991758 0.13353525 0.01435012 0.90923372
0.40279355 0.49015850 0.01627922 0.09746681
0.19339042 0.65257725 0.02037676 0.41022474
0.14518882 0.08446457 0.05037757 0.28922389
0.04039323 0.46034828 0.04245663 0.62164887
0.49243119 0.02634721 0.03178280 0.77240762
0.70315539 0.48668395 0.05716217 0.39591863
0.43604870 0.33184912 0.03391292 0.03756960
0.22237702 0.42126976 0.04468096 0.28016578
0.96771149 0.66719304 0.00238758 0.22935853
0.03947012 0.50502778 0.05888443 0.44091049
0.11279380 0.99157892 0.04183406 0.33916266
0.69835096 0.52712482 0.02468903 0.56756365
0.67525745 0.43220286 0.02783921 0.62140799
0.83690986 0.89720354 0.00247408 0.97631149
0.28877860 0.10100209 0.04208156 0.54981089
0.43767062 0.83377382 0.04865684 0.51671101
0.20309748 0.35167817 0.00694479 0.19375625
0.64659578 0.06221132 0.01325765 0.01721068
0.57610803 0.04180725 0.03099574 0.01328480
0.22442104 0.66974412 0.00629448 0.51407769
0.16121425 0.25755387 0.05407005 0.64641170
0.34518211 0.39760280 0.03584606 0.07735012
0.00567516 0.03065537 0.03556687 0.81900655
0.12610271 0.66256181 0.04641651 0.17279730
0.26378762 0.54223609 0.02655544 0.48663725
0.05483730 0.51652790 0.04391665 0.36943262
0.02818191 0.97599528 0.02794573 0.60575415
0.19700458 0.65632369 0.05979760 0.99360598
0.46248058 0.30897383 0.01184647 0.21330417
0.11517356 0.24450818 0.04704750 0.55910165
0.28020141 0.66264788 0.01672193 0.82330879
0.77300563 0.46307135 0.05180746 0.86681006
0.29752945 0.88301145 0.06038203 0.65465596
0.07873171 0.77589355 0.04599087 0.52935482
0.85027601 0.23423927 0.04174068 0.10377407
0.74732200 0.93613549 0.03733183 0.12622539
0.76455847 0.12828334 0.01344490 0.38894756
0.82815919 0.74455129 0.00269080 0.49140429
0.82082875 0.86061028 0.04480324 0.26735932
0.19492327 0.62250546 0.00869715 0.57780418
0.07104688 0.32350282 0.05003366 0.93219574
0.11145322 0.79736926 0.01639836 0.65503261
0.23735180 0.35391278 0.05322520 0.41788738
0.40636315 0.55199328 0.02283610 0.86177312
0.84355578 0.03287888 0.00342412 0.98017347
0.32178980 0.72261107 0.04362130 0.40929221
0.56209486 0.94048438 0.01642170 0.33171352
0.01326095 0.98399375 0.00748887 0.02771918
0.01672673 0.20295227 0.03834862 0.63720994
0.10664741 0.10871948 0.00830811 0.16413074
0.94704480 0.86160452 0.05411147 0.24189460
0.01798052 0.79234098 0.04148519 0.70121370
0.57146456 0.08873051 0.04357887 0.88340676
0.25468844 0.38723655 0.04590233 0.80803365
0.36432520 0.33155195 0.01960482 0.91054437
0.12055906 0.81474545 0.02379141 0.49588422
0.89006887 0.90513562 0.05267301 0.76988952
0.19924247 0.38980481 0.01371458 0.26278621
0.58495055 0.71531972 0.03879931 0.10076176
0.52444245 0.48336881 0.00187942 0.94346495
0.66673380 0.46546677 0.03989601 0.35074702
0.74167177 0.72249487 0.05771059 0.45013730
0.15055556 0.68262426 0.02671798 0.02370040
0.04442893 0.19417015 0.05878428 0.56273338
0.84201305 0.33689702 0.03481128 0.45966960
0.92515750 0.48494029 0.05554075 0.76059185
0.33789848 0.24498542 0.00119392 0.88933939
0.39660232 0.05704230 0.05119764 0.96663854
0.94356500 0.63818295 0.03965503 0.77381399
0.17223656 0.16209835 0.00622860 0.91262376
0.60712552 0.24043999 0.04418602 0.00200410
0.51207139 0.46409766 0.02554115 0.86875801
0.58471073 0.89371568 0.01329447 0.14459034
0.17181403 0.58661405 0.05949077 0.44541398
0.43362294 0.73637995 0.05796336 0.14469197
0.27558691 0.69831447 0.05545877 0.57155220
0.73828058 0.73240565 0.05936673 0.23152078
0.78510478 0.01811347 0.02952588 0.42528885
0.24864057 0.98021183 0.04835319 0.62318840
0.46735740 0.37025659 0.00975841 0.76171909
0.45493445 0.79124241 0.00177910 0.51228547
0.96626765 0.76986001 0.03575394 0.48037207
0.62207135 0.03470342 0.04697056 0.64048419
0.06659204 0.12756646 0.04714294 0.09997808
0.03412090 0.54562530 0.01233078 0.36233326
0.82690496 0.19062483 0.05863468 0.09230192
0.19022941 0.15510050 0.00958615 0.35026804
0.22825417 0.77673334 0.04069746 0.06431337
0.28946652 0.96421246 0.02818006 0.87505963
0.90148495 0.04527175 0.02403003 0.65484442
0.23568187 0.69907446 0.04736472 0.64110092
0.23164827 0.24650905 0.05490659 0.92794903
0.72944125 0.83519970 0.01545226 0.54931064
0.19547378 0.51654783 0.06122798 0.80728372
0.52979330 0.06484899 0.01638965 0.40288240
0.34196245 0.23021567 0.02316405 0.89837801
0.96034620 0.92957078 0.00281056 0.72726351
0.77635063 0.37233571 0.02462421 0.59753718
0.82063784 0.45097191 0.05826222 0.62123202
0.69915373 0.98187448 0.03764458 0.87294496
0.80530334 0.92661673 0.01679847 0.46814866
0.86892699 0.34045101 0.05763516 0.10794018
0.81384959 0.32348130 0.04474219 0.17458752
0.52034630 0.84994137 0.00382781 0.94560201
0.97872037 0.79302054 0.04485343 0.14001745
0.74145793 0.11545274 0.03057725 0.20380756
0.99511710 0.45383396 0.01109187 0.57430632
0.38163120 0.27377206 0.05048285 0.65930051
0.69863607 0.87719739 0.03750735 0.62393199
0.43711861 0.68609504 0.01312290 0.26641736
0.77147683 0.13312860 0.03208499 0.60591434
0.58650466 0.54835825 0.01526196 0.61764956
0.71664858 0.16462911 0.02867847 0.17637456
0.75467527 0.83848766 0.05082287 0.75302320
0.89848013 0.42558717 0.04433033 0.30594889
0.55532973 0.28636754 0.05420125 0.74045611
0.85926888 0.79872498 0.02886256 0.26573020
0.83596349 0.51675859 0.04208401 0.14880777
0.07348773 0.66171097 0.05205663 0.94604393
0.38253561 0.15002851 0.04570404 0.09396676
0.46741040 0.06945083 0.02569349 0.71423826
0.27779413 0.73592004 0.01558500 0.60784097
0.86048648 0.22973076 0.05704473 0.01191996
0.40047260 0.23417336 0.05615611 0.40775771
0.56592706 0.10564400 0.02957607 0.19651288
0.27908197 0.40922956 0.00972039 0.94629929
0.78611056 0.99716630 0.02161948 0.47740073
0.27407019 0.24091654 0.00096867 0.77860493
0.10201781 0.87408807 0.00065159 0.25694539
0.73338237 0.64197422 0.04942862 0.22123569
0.13403126 0.72013087 0.00530736 0.36815549
0.67846416 0.98819374 0.03542240 0.65995387
0.44101501 0.58548604 0.03625425 0.03703910
0.72151205 0.95968492 0.06065693 0.90022292
0.98918961 0.18824391 0.00840904 0.60935685
0.17256932 0.66636834 0.04359072 0.00043440
0.87934861 0.71172556 0.03561219 0.90699011
0.08205271 0.49556819 0.01894866 0.57937957
0.44516243 0.20993195 0.01107331 0.31381415
0.03147653 0.72069106 0.06037761 0.17272401
0.89478530 0.61721794 0.01525049 0.54542842
0.27024818 0.45904561 0.00084110 0.16891943
0.86846605 0.62241759 0.00373938 0.25703111
0.78387453 0.45941541 0.02216265 0.61046234
0.69280560 0.55360961 0.05073597 0.00328738
0.55498195 0.22733478 0.01633959 0.93035136
0.51196281 0.83167543 0.02632488 0.19381884
0.02293615 0.77907419 0.00114002 0.74856942
0.07844173 0.55793365 0.05587312 0.80809181
0.95653009 0.94532779 0.02364605 0.86640354
0.40684409 0.69422825 0.03120150 0.68460405
0.59438358 0.78752535 0.05693815 0.71647925
0.71135522 0.60460026 0.04623694 0.53009106
0.65992848 0.16829085 0.05373289 0.85673881
0.87900996 0.81645943 0.01928839 0.85239334
0.12473032 0.13859920 0.00162350 0.44155547
0.96078350 0.27025151 0.03188979 0.95215020
0.99077721 0.92732079 0.01570679 0.33941763
0.14108329 0.79376447 0.00072738 0.09569465
0.54132869 0.15562143 0.01805405 0.51171097
0.87794971 0.89495348 0.05478551 0.15901723
0.60669694 0.53132141 0.06058292 0.80259974
0.81938741 0.96826468 0.05318601 0.78111752
0.05597341 0.04731102 0.05831893 0.08081430
0.42029730 0.87221085 0.03012159 0.06773577
0.68980725 0.01708429 0.00906690 0.69255648
0.95315218 0.70796556 0.04910033 0.21364572
0.70756978 0.89231544 0.00843126 0.62396965
0.66222781 0.18922020 0.03117503 0.34897987
0.20956970 0.29029624 0.04847727 0.69246058
0.10602987 0.51899341 0.00155916 0.20121498
0.48477198 0.54797594 0.02090008 0.80599898
0.87063353 0.54489687 0.05844723 0.71527134
0.86985192 0.07905440 0.05351801 0.81911750
0.21331151 0.13104877 0.02328178 0.85640395
0.09953924 0.58038425 0.02744406 0.46283945
0.79173175 0.12498086 0.05076979 0.08890653
0.26575294 0.34718537 0.03001542 0.05951052
0.35153183 0.53071604 0.05542935 0.76732297
0.88415860 0.19547829 0.05398053 0.83804124
0.59761700 0.89547682 0.00000530 0.68846156
0.88603403 0.42153196 0.00645117 0.21951670
0.13324901 0.26547436 0.00575555 0.18499431
0.95281409 0.87559040 0.03966278 0.73866175
0.54145883 0.62775003 0.02693419 0.72241915
0.73113407 0.01276067 0.02857889 0.07126070
0.17461725 0.21850391 0.04943455 0.00235767
0.66728952 0.73697154 0.03447942 0.13063909
0.55286955 0.92764375 0.02334335 0.79581256
0.47868126 0.04519033 0.06111327 0.15984594
0.07630770 0.40766368 0.00353233 0.59111280
0.42699527 0.30703901 0.03044295 0.64539738
0.35351926 0.67038910 0.00740988 0.69552021
0.83143006 0.67381293 0.05087365 0.13424903
0.34918486 0.61721938 0.05932105 0.70759909
0.13772275 0.11984565 0.03675384 0.45178429
0.38175324 0.14812176 0.00472169 0.54814733
0.22512667 0.13000763 0.04141685 0.27969441
0.73715566 0.09233303 0.01964385 0.92042506
0.53362894 0.10571542 0.01412169 0.60908514
0.51943613 0.06154774 0.05538404 0.42263853
0.09489425 0.26119728 0.05917258 0.40695034
0.22364313 0.59781812 0.02225801 0.56218887
0.37509770 0.31561678 0.03761612 0.44089248
0.81031284 0.28709671 0.01478083 0.79175842
0.36955946 0.31049668 0.02571238 0.83277647
0.76771267 0.66459450 0.05677092 0.00742277
0.71961979 0.24383877 0.00743827 0.71051917
0.38488429 0.77848510 0.04573204 0.78958324
0.38427309 0.01401084 0.00113015 0.91543210
0.47769162 0.31480825 0.00341486 0.15347133
0.48884250 0.72143424 0.02045582 0.82353428
0.13261501 0.50852174 0.03661621 0.15494349
0.77989027 0.10449665 0.01514825 0.12459506
0.32969456 0.63358149 0.00522117 0.36195561
0.22538373 0.99369763 0.00451746 0.06235830
0.07042707 0.29101852 0.00029435 0.54414059
0.94266174 0.11294891 0.00300707 0.32924290
0.24282482 0.44797629 0.00325056 0.19100614
0.85484537 0.88220231 0.04444115 0.55233782
0.75033519 0.59592431 0.01842255 0.03341757
0.54802698 0.99050815 0.02311290 0.91381075
0.90643577 0.60176754 0.00875177 0.24774288
0.37551909 0.62970651 0.01764085 0.04239399
0.97383785 0.94774088 0.05911406 0.72986267
0.77051392 0.75568671 0.04386500 0.40633770
0.65178750 0.98534727 0.00075320 0.27051006
0.62448216 0.26482933 0.05707124 0.65595733
0.60971773 0.68992671 0.05548459 0.36841744
0.65745340 0.57257792 0.01456856 0.91744731
0.84924284 0.04247334 0.03035525 0.98071520
0.99049603 0.23554509 0.04703157 0.00158283
0.61516140 0.42461192 0.01374407 0.35102355
0.19650770 0.82303938 0.05911382 0.62461576
0.35830892 0.39186163 0.00840953 0.77771688
0.93895941 0.37488235 0.04288900 0.94732640
0.17994550 0.34463024 0.01660502 0.25237812
0.79283909 0.56050402 0.00154070 0.65308380
