125
0.20845882 0.17591207 0.06774419 0.52524020
0.87903562 0.46673066 0.01131567 0.54437517
0.05142156 0.27066606 0.05082236 0.84288173
0.08544897 0.77505441 0.09751678 0.86518791
0.08323076 0.34911291 0.14187786 0.54110684
0.38758426 0.35597338 0.03437831 0.65770427
0.94907243 0.34791858 0.03949075 0.61296230
0.44323832 0.04774411 0.12821525 0.53730164
0.34251984 0.17145923 0.09972021 0.80563480
0.96820171 0.03342393 0.12402867 0.16524083
0.50059086 0.29072089 0.03959059 0.85502346
0.84806158 0.61007113 0.11141620 0.37456922
0.50766573 0.09165610 0.04760511 0.93525645
0.13441279 0.16054256 0.12268987 0.51928048
0.76921309 0.64878875 0.11031600 0.90989900
0.67767127 0.34020645 0.11366299 0.11733095
0.23407899 0.83381207 0.10239977 0.81316792
0.49545814 0.46469811 0.09139552 0.95907974
0.16227464 0.68017175 0.10526809 0.95424237
0.22761667 0.97324868 0.03006658 0.89913681
0.97139207 0.17990380 0.13218155 0.30415094
0.51952064 0.53275031 0.05933832 0.76218803
0.35737214 0.88189385 0.09382556 0.85848620
0.72011620 0.69138336 0.10205884 0.56896627
0.30314283 0.29068926 0.13268395 0.48295074
0.92127996 0.38885365 0.10314135 0.35621883
0.40874883 0.96257214 0.06930384 0.62552647
0.83218081 0.27647450 0.05837710 0.17523044
0.63341250 0.33632967 0.07016534 0.10696146
0.11491200 0.71324732 0.01368588 0.24594910
0.83776088 0.00304238 0.08367832 0.79615443
0.04071970 0.77558630 0.10164938 0.61004025
0.38377895 0.45900129 0.13849495 0.24772137
0.90471345 0.80905410 0.11747996 0.62800112
0.07466109 0.46117553 0.07164429 0.38865777
0.13865466 0.32323602 0.06823524 0.95212031
0.31857706 0.03653169 0.05101579 0.08899453
0.14633590 0.36004685 0.00159059 0.85325236
0.00794800 0.94426765 0.04609417 0.86721522
0.37177095 0.36752701 0.05333208 0.64148248
0.58288284 0.96113807 0.13623993 0.75667530
0.44483242 0.55266512 0.09224027 0.64623681
0.04992919 0.93000857 0.03193251 0.31993284
0.68493015 0.41838043 0.02647515 0.21481218
0.26701787 0.38599477 0.10197707 0.49202867
0.55909541 0.52716442 0.06251075 0.98744585
0.25087416 0.08810106 0.08455132 0.18745845
0.19886361 0.99768170 0.14143930 0.30111724
0.14972337 0.06018378 0.10928699 0.71438395
0.90879264 0.86778279 0.08499102 0.08639206
0.60765834 0.22272226 0.11124708 0.66791271
0.86245737 0.49746059 0.11071563 0.00314783
0.88240563 0.58556248 0.01999522 0.95764000
0.43085284 0.01424138 0.01877252 0.90138262
0.40314301 0.41002815 0.13480956 0.30635292
0.33929593 0.57108245 0.04141962 0.63202642
0.03754803 0.65788868 0.00017666 0.91744267
0.04110787 0.04013121 0.03220474 0.24261349
0.42146877 0.30144623 0.01392685 0.44108862
0.58135380 0.67539114 0.12975589 0.54694323
0.20299966 0.92874627 0.01610396 0.13783227
0.25324839 0.84726477 0.12751684 0.80257078
0.51526381 0.97181267 0.11349838 0.47079267
0.54396222 0.42759246 0.11773024 0.58630782
0.90197960 0.31835971 0.08998194 0.35063699
0.88584035 0.31608694 0.11862503 0.73156752
0.20457290 0.92665738 0.03879198 0.37207562
0.26135684 0.45171307 0.07648362 0.48266501
0.43703695 0.38155736 0.12935085 0.96448379
0.29927463 0.08817729 0.04784584 0.94774456
0.92735208 0.76346698 0.08282608 0.56996988
0.53487686 0.25617320 0.13505883 0.28044988
0.67399315 0.77744231 0.04226501 0.38004224
0.05156801 0.80113000 0.08207735 0.58913161
0.69855593 0.18038107 0.11361999 0.55410697
0.77423746 0.49755305 0.11895132 0.23535754
0.46622867 0.36680364 0.00910957 0.73456998
0.41897917 0.37523609 0.02461527 0.69105714
0.54653714 0.21088961 0.04371452 0.11562112
0.79625584 0.19747591 0.13318185 0.44525471
0.49514611 0.31074970 0.03734455 0.05145298
0.71070627 0.38493503 0.03436864 0.60621226
0.76274701 0.78625443 0.07480454 0.67030253
0.71885378 0.26822383 0.11769826 0.24140466
0.62727572 0.15259034 0.02463507 0.66117009
0.62211331 0.84471979 0.00904960 0.82968808
0.85077935 0.28638033 0.02746249 0.11408138
0.80791246 0.69048082 0.05789487 0.41273635
0.29087522 0.43843360 0.03958895 0.95638250
0.58093890 0.08904686 0.13035909 0.19397228
0.11738729 0.45887354 0.06133420 0.01049048
0.21427552 0.78170953 0.04404460 0.36233166
0.25515169 0.60767743 0.00003363 0.86019907
0.30337767 0.89287156 0.08328015 0.85231181
0.60265495 0.47729899 0.10955917 0.97788901
0.49109442 0.38571231 0.12467541 0.87002665
0.71264623 0.02161509 0.13903392 0.52736674
0.16190567 0.48473170 0.04656043 0.25543827
0.51777445 0.99240637 0.02700013 0.84462264
0.39853104 0.44436632 0.11272424 0.74270011
0.13475174 0.68854092 0.13959235 0.76815089
0.80667849 0.49949252 0.05181196 0.96032297
0.71824290 0.67532584 0.12076593 0.29396282
0.51756237 0.71878456 0.01662722 0.81109208
0.02013754 0.55794741 0.12848547 0.94476714
0.89539434 0.98845977 0.11640858 0.55595562
0.51073269 0.84620637 0.04967791 0.86907571
0.21130583 0.58277411 0.03059747 0.55895701
0.39820731 0.90291318 0.01364957 0.41423839
0.32515740 0.15528268 0.00150230 0.82786425
0.33746614 0.64583063 0.03300100 0.62346839
0.81433902 0.97082476 0.10547418 0.93539704
0.05415680 0.58803548 0.12330680 0.78716712
0.63288257 0.34568570 0.05022410 0.98215001
0.38855576 0.11152364 0.03005065 0.87514070
0.33012645 0.30268072 0.14263141 0.01689975
0.67333728 0.15839181 0.13932425 0.52040520
0.18267737 0.96448558 0.02216426 0.94217099
0.56049424 0.71859853 0.11667227 0.65542428
0.69944976 0.12832150 0.01069835 0.12567465
0.90994930 0.88967891 0.14180786 0.94805814
0.72364831 0.82897318 0.00913807 0.83063513
0.32596786 0.79632540 0.06263681 0.90596721
0.88511406 0.64902067 0.12044108 0.86582400
0.21717026 0.07541681 0.08261104 0.31653640
