100
2 87 64
8 76 42
10 12 30
2 94 79
6 4 45
5 40 16
10 91 68
10 70 10
4 8 63
10 15 99
10 17 0
10 76 79
3 100 100
3 11 47
7 48 78
1 82 100
2 25 21
10 5 20
9 9 74
8 10 30
2 9 42
5 70 29
10 10 64
4 76 54
10 58 37
1 50 2
4 9 66
5 39 26
5 84 99
3 0 100
9 68 41
7 52 83
4 40 71
1 7 94
1 83 7
10 30 93
5 10 27
5 25 99
5 25 17
4 46 60
2 50 63
9 53 44
5 47 39
10 46 90
2 64 25
10 78 30
2 25 65
5 60 22
3 53 36
6 10 69
3 72 43
4 16 11
4 71 56
8 56 6
1 77 20
5 64 23
10 26 65
7 74 77
2 50 89
2 50 6
1 50 6
3 80 52
8 20 49
4 44 48
10 15 64
2 13 88
9 6 91
10 39 47
7 51 82
10 59 67
9 67 70
4 80 96
1 50 41
10 29 44
8 70 9
1 46 90
5 81 62
1 80 0
10 56 45
6 23 94
7 91 79
5 75 15
5 5 38
7 100 0
5 30 78
3 50 100
7 60 43
1 81 76
10 85 19
3 77 51
6 55 18
4 22 48
6 8 54
8 23 10
2 75 26
7 56 7
5 24 26
2 50 0
10 82 72
7 0 0
