2000
454198617 80 45
33 68 8
146 42 75
21 23 47
52 34 57
86 77 30
105 4 6
716453649 42 91
49020090 76 74
7 93 87
65 2 28
121 63 5
148 65 65
147 97 12
5 87 97
92 9 70
43 40 46
1 46 8
48412 4 15
89 88 86
320147558007552 78 83
150 23 11
8964 62 60
54 21 11
33908182992365 25 20
42 71 87
31 53 70
909935455 47 48
231726539439557 13 60
13664278386 12 58
419156 29 37
104 33 70
128 28 4
73252155 9 41
288758 99 12
13350121959691 32 35
141 51 74
77349472709140 77 60
5188356560 41 29
43565 7 8
63809417013 66 69
145 70 30
2465347472 79 45
53 44 85
698892756 62 6
9586916117 55 62
27988927633818 35 23
8 44 2
323903 80 52
5 81 60
17 75 79
90 20 92
74 55 14
6 7 40
47 71 31
46 69 87
494902428 19 22
27 37 46
4 23 9
50 1 84
116 8 79
3 34 55
9697232739843 20 12
2103 4 73
115 72 14
89 5 94
55890235663 58 43
134246837682 11 79
824062858120353 43 15
15326442584 27 50
211028487 59 77
133 25 80
33 56 72
39 83 32
629774298413 93 43
19 30 67
90046 50 11
96 96 68
1625 28 4
85 4 9
24443566189 85 14
42 76 30
28 23 59
874 88 86
5376215849168 96 24
1658919335368 60 41
55912 58 74
13899808282537 82 53
43558 13 73
183688227 4 74
134 36 82
4 93 11
139 86 23
90 83 85
7102 67 22
63882701724 49 90
427403280370035 59 100
87132127101 24 3
86 64 22
149 2 19
51900400531963 41 13
137 42 8
32 68 10
7832996758 51 93
56564741 7 86
158 97 14
40 40 91
90 26 21
17891549257784 50 100
80202905 74 71
51 65 50
75 93 31
97 60 44
108 59 78
148 82 95
75835801 90 85
59 21 94
103 78 33
3022325585471 68 24
62 89 38
5 19 29
293147 14 83
112 5 47
73 52 47
32 3 55
3762923911 44 91
82 57 19
6981183721883 19 52
77 6 26
117 57 14
69815 6 88
35675778944737 8 81
9 82 46
31153171457265 40 42
34 68 52
42 38 61
10 82 89
801640750 69 85
995 99 69
6842119 35 53
100 68 12
45 38 2
66 24 51
64 30 9
54316612 87 75
270 83 80
290200844588421 37 86
150 66 71
34 23 18
924197 83 51
2447619839 37 13
75 43 67
14734 83 59
71651484 76 85
90 96 10
22 99 83
567389375024 19 47
19 23 80
81 17 53
220217517417112 37 100
114 63 14
22 19 83
377970356635 27 15
21 66 69
99 92 34
448727741767 30 79
17 54 50
11939916539959 30 23
32 18 59
75919047 42 18
7 34 30
86 46 37
35 11 71
23457246062329 77 95
27 59 82
58580751611613 83 65
9001355 36 3
344407639051 63 27
2780042184 8 47
90213 94 32
1 27 69
4854 9 51
105 8 26
6 90 44
60 94 92
24 5 24
39233467747015 43 1
144 41 41
514215 25 99
35 90 97
746360 35 59
817538077347 32 34
116 66 45
162647530424640 60 65
763761506508123 96 100
38 96 83
84 18 88
126 46 90
13475 27 25
4962176289 60 65
5284459 4 29
124 38 90
114 11 88
8385843591021 25 5
14 24 49
4534 23 22
6314512072245 86 36
47088296596 60 71
848846661479407 55 34
117 55 56
89 41 3
6611183382 30 13
109 15 78
7541182898261 12 23
960762 81 25
132 85 76
57822471812 57 44
104 45 16
116482 4 59
95 68 49
1661421 8 57
755626076344127 76 62
143 15 17
91 96 10
15 10 94
58 64 22
7824686 75 71
143 82 76
84242320581 42 73
52 2 89
5557 84 47
893728 43 48
55 98 20
142 12 82
237740655 96 14
49 40 1
10 76 96
56 8 81
93 75 48
35917 10 2
629 30 67
60 9 20
3273467950972 92 46
135 48 46
89 43 48
34607343 16 37
20 62 12
150 18 39
91 30 73
3 16 19
131 31 78
5276723 37 1
1 39 90
991669060 61 84
3 35 84
69 96 51
7630978 12 45
809376046956 17 81
1276380656 66 16
853014177254193 91 32
9 97 30
67 45 36
85 11 25
103 66 35
66683 82 56
18 92 80
44 67 75
247023895454641 63 23
13 99 38
5607 52 83
11 36 38
925909745 32 90
326975 62 84
75 34 59
117 40 22
2 63 28
1 35 47
65896715 76 38
75 46 56
124 61 95
78 31 85
133 52 70
102 35 99
83538754331 17 12
80371793 6 42
8 38 74
3703147 75 68
128 11 40
98 76 14
78 23 57
15 73 93
100 56 31
52 74 84
59781819 73 31
92 98 47
71 47 4
5348 55 7
24773337790 99 91
276587 65 54
84 51 16
10 57 78
135 22 14
7 72 5
3 21 56
6619868367 97 18
140 53 14
513784050275 43 68
21209641705342 49 48
57 75 31
7290429131 24 91
135 79 63
60 83 67
131 43 5
81 79 12
35996 60 53
74730944 76 62
143 69 31
92 45 6
127 75 96
306 58 83
17369290276 81 87
141 21 81
83 37 46
2 41 70
1 50 94
6364 67 91
526 78 34
21 82 15
51 24 10
134 72 97
8 92 1
42006405554 98 66
3981 46 11
69 48 28
113 2 45
144 54 72
7165657461 48 39
53146871 83 76
34 27 45
99 74 99
8001222550 14 87
357397887526452 61 8
22 60 92
24 50 70
80017154 13 70
59 20 60
30 77 71
4754254 69 67
117 71 29
14 88 90
6 14 84
99 52 34
94 19 59
84 29 14
4872 39 86
32 62 75
51645881 41 95
10 45 43
148 1 30
976034608512190 91 61
9124 94 28
6 84 16
27 63 44
94 11 79
1744524774291 13 67
853383793787420 0 100
10600180529104 35 22
83 39 8
916404879 98 63
111 77 29
235416031436821 5 57
6697194 45 28
21 56 63
705961 70 49
47 25 61
78 40 79
54103310 49 33
103 9 86
32107592 7 89
56931 70 58
91 7 78
908931489677372 32 100
130 56 97
7 36 85
8 57 43
120 40 76
3204239042 97 4
722675880070095 79 22
603 31 18
16 71 26
23454334565492 57 17
17 29 21
39 16 38
4 48 59
233190 16 48
831 52 38
6 75 90
248784554 55 92
2 59 60
653868541284 86 70
91472851 37 20
22 37 24
4368840 18 7
94 64 40
53 83 27
748230445164635 94 60
717039865146 60 16
64 57 89
6296394261012 33 6
10 52 99
9 23 71
5901 8 1
47 63 66
510378860467610 37 100
19012832983488 89 31
21 57 11
550 4 92
67072071125 96 78
366118 37 80
236983 99 45
94343217102527 28 88
3 42 24
122 14 33
37624009 48 68
126 43 71
5200656128940 84 17
81136831 48 52
585746180 68 65
112 51 37
8 20 11
5023982 1 51
15 8 6
27600932478 92 62
46 91 84
95 54 75
696706960 19 53
4222607451 16 42
47 55 8
6 8 55
2 40 25
10 43 98
31 79 80
733238617 71 91
115 82 16
51 3 6
3417571427 51 29
43 36 65
43 34 66
33 67 1
308384840359 95 85
35 89 86
329577297 44 25
7309715055585 22 33
4 17 10
27 24 15
11965349651664 8 81
45 52 21
102 95 61
97 66 33
23 54 46
24082365 1 42
8117326099674 50 27
99 10 57
841 47 16
533976 24 2
5255818515459 80 86
2035688922 95 90
22 19 7
5873914772 8 59
44162523371578 47 60
38 1 42
77 86 10
7 12 59
63145329607729 40 49
72 94 1
879736738 84 48
80 17 14
4989027 67 58
68 92 90
993431827186351 47 49
7386610687 6 51
93 31 42
552775 10 27
51 6 5
180217668880 10 12
111 95 31
45 98 38
73 42 52
88 3 5
42160667717 13 2
100 98 62
969338056640047 43 0
926949656775905 28 97
5817205 60 64
6426194012700 27 25
86 25 69
667410054 96 46
52 51 36
31 17 16
5 82 28
96 1 58
95 99 70
33 55 92
463633443972590 10 100
115 52 5
50 28 70
15 12 88
852 97 6
80 85 12
67 35 4
38 87 61
144 33 47
62 67 56
99 66 26
809524 28 61
85872 19 56
35 3 37
8 82 12
97 83 28
53 50 7
44 27 80
8829603 97 45
43 28 92
73 87 70
146 74 7
3 22 17
92 16 2
148 90 64
21 83 37
49570831 74 4
640305402447 94 14
7293 84 75
474858260664629 29 100
100 83 20
8 49 5
215409434 39 84
94 94 45
141 91 42
90 52 76
40 80 85
2 23 15
1807410569930 86 27
4093 17 43
164558592241 72 98
565867491673 10 94
67 53 59
36 48 45
269677 72 72
7505870397 45 3
16060613535 47 45
915182835 17 47
2993065926 85 5
113 39 64
224775481289369 41 0
147 10 13
746725114591420 67 56
800786618 50 47
9754340 47 91
519968 5 28
60 33 98
118 15 38
37456 55 43
90019 53 19
71 57 29
2252351177417 87 64
91 61 18
6741 58 84
4606333 30 43
5 9 78
10 88 32
94 3 58
3 68 93
1274623589 78 59
412258493939 60 86
4 85 44
415415549838523 82 100
141 77 19
27 62 9
22 58 23
124 80 91
49 30 63
281199268 16 60
21 51 61
5136323128 14 54
147 98 16
3 25 57
554304354858 22 21
91465 67 60
41766 42 61
4 82 9
126 50 82
857 95 38
86 97 31
592976080 43 5
27559 70 35
95109632451 18 29
17 42 47
4 22 83
74939476575 71 67
18 34 53
42 71 78
79766 75 56
63843771056210 58 25
46 64 38
5536668631 23 4
1551 72 53
720215865498 68 50
12 36 17
5897901881635 21 97
33 100 0
44457195068010 3 94
99 88 17
2710779654 28 53
661019 57 43
504250 86 88
9 98 20
125 24 93
9 26 7
44 39 65
5729296 42 74
102 36 65
29312270 68 43
132 74 94
4 67 92
90401374113033 81 100
76581007684133 99 2
2458217252 2 7
26 41 86
44 57 90
828625834767 20 20
133 28 34
97 1 87
20245 28 76
24640653265 68 89
5603427809 37 90
5843900355505 61 31
237177100268 18 41
8952219387766 2 72
88 32 24
145 9 13
99 83 16
717653655313596 90 47
7012 2 8
9 16 4
127 92 9
13169525712 9 6
67 96 89
103 24 63
11 34 73
110 93 2
72 84 3
80 28 11
48 81 41
61 98 31
548051555396461 95 40
668 95 32
35 1 2
5675366868 66 36
67375388856950 37 5
8777930 33 6
68 94 40
57 74 94
69367349245255 50 31
17 39 25
97 83 9
10 45 84
1321167620 30 1
81 78 22
942 84 33
85 62 10
16 96 43
19 27 45
604316 24 33
52720365845882 13 84
46 86 7
93 64 39
94 31 56
85 83 12
2 25 8
89 23 63
100 59 25
53998972627 64 28
113 86 90
7 22 42
70215514 90 91
108 73 82
110 87 34
35 52 67
46 53 79
65 95 67
7 47 37
69 51 55
57 72 74
74 57 40
145 40 19
64 38 45
59008197 53 45
1 48 31
83 90 33
8 81 79
105 14 29
122 26 87
3 11 29
76632708886 36 72
113 15 93
49623303647466 22 16
261390759 4 38
38 6 17
104 54 92
27998605977739 70 57
968532765814 73 37
73872134 81 51
308 43 37
72 48 36
6 25 63
120 81 9
266 5 64
6637057165523 61 52
3 52 36
8292 58 56
7838135 78 80
19 62 67
61 76 30
77981616 41 50
73 45 50
145 53 49
12 70 48
48959403750 96 2
76 44 9
513019920073977 17 24
1746064231470 55 40
991491075870481 25 0
705353 47 85
8439689 18 22
99 28 4
8716259662578 22 52
11 61 19
36 83 76
692124 10 84
32 55 50
141 89 59
59 13 28
31 1 46
103 31 44
511297364023435 6 99
4 54 53
127 41 15
780807 19 70
93 86 48
5 83 27
82 30 36
6732798794 13 18
4939190 89 6
3 42 5
15 8 12
72 34 73
306662751873571 50 40
17048 99 64
144 27 57
53 21 45
692750807365 86 41
140 4 72
56291270936063 0 0
115 28 97
32079318906915 56 9
36 54 94
282597883696980 76 8
18 61 4
29 72 22
777634363 3 2
732112626783 63 71
68 53 48
17 33 41
32 93 64
4441 48 61
45512797044311 18 28
835992304 94 15
29408 35 84
9 88 60
428493984 61 83
8876804857 81 72
268 33 38
3 20 29
33 7 17
19 54 75
7531871712632 27 46
3998538 43 62
109 35 3
2448172 31 47
35 67 9
3 5 16
977643030925406 40 0
7 70 2
4757220743778 85 63
26 10 3
80 10 7
43 24 37
53 62 97
1 45 100
7990522561 74 56
36 73 2
645902 43 7
135 36 8
5 14 29
83 11 69
4 14 48
138 33 8
5 60 32
2 70 91
536 33 2
116 97 41
35106 98 3
7052140296588 41 52
495048717272262 81 0
8782151247597 32 51
138 57 69
698728299602762 14 0
21308557 91 74
123 3 93
7209906542 86 34
675 41 24
137 94 75
111 22 30
3802077615 9 42
38 30 19
6673210 32 90
8647715277772 43 31
130 36 67
23466322 81 17
71 4 55
288961166859 15 24
26 91 31
94 7 14
507161661 74 25
2 46 58
3040 36 36
43 60 99
1 56 0
139 30 99
81 44 70
67 26 42
79066850977 87 57
7072 26 72
142 47 92
6587491543545 1 87
2 91 65
110 85 17
77 90 85
480618116696 78 80
4 19 51
70097630121 39 12
28 24 54
2026147019 32 99
42 66 42
612166096 49 69
517431469422642 43 0
47 28 1
920237592289925 50 0
96 27 30
63 49 5
3 48 21
8851251 59 6
44963765485612 27 70
108 96 95
77 58 70
640 3 92
7101476605 28 38
298245869737 81 1
99 72 4
82375 88 7
2 50 53
103 9 81
72112326 5 90
738373712284 1 45
667331685055 67 95
49 77 58
75 70 29
610621013 48 27
31 19 47
47 34 70
255295545 22 73
102 72 69
61 33 97
624317317699 30 87
687966522 59 71
500148704 2 3
6 80 6
4654 56 74
143 64 69
10137726452030 10 100
86 67 62
5 42 25
90027 88 18
570885 29 59
126 22 14
506713259987 8 72
4615001 24 63
597 47 7
876346 41 7
2250963122 81 41
45 59 95
67 76 18
122 8 97
16 61 66
142 24 97
41 96 30
123509023 97 98
20 45 59
121 31 44
124 7 23
6970783 59 27
522374 91 64
148 23 15
8 92 77
53 99 52
99329620 25 24
1 21 79
3064907051098 46 3
4009367 78 31
92 22 30
108 42 73
277736272617 99 24
59 14 83
913127833 77 37
53 65 54
88 52 90
144 42 6
111 23 31
42 82 94
2092986625 83 8
5661315 22 63
1342234 55 17
6009731 33 97
299047993 2 22
116 87 11
107 17 9
5 1 46
86081406078719 10 14
147 65 84
5869 59 79
111 64 21
585982248 47 56
35 42 99
542407464504681 17 13
420305 6 36
138 74 44
83 21 55
46 59 74
1 50 49
4089736 23 18
12 85 84
69 92 18
32 86 16
846489820139436 89 34
882780472 6 10
5324337357581 80 63
657133385108764 55 100
219339676424759 28 56
62 48 50
717 96 78
35 47 74
68128155 44 94
100 90 92
625747022 43 67
84 88 85
4535 9 61
145 98 74
79 41 21
6417 73 60
96 96 79
5 31 31
5650 69 68
238958 38 32
56755795351998 48 80
47320279408525 62 82
19 34 43
34 4 48
18872459 5 8
145 94 42
53 14 81
72962214395 30 16
9316176879 82 11
5 60 53
67 66 21
6561794703 80 98
747118066610 59 13
142 61 20
89 22 99
83 19 18
644 18 38
3 75 75
317596217857419 96 0
77 42 53
25 94 30
133 91 17
35 71 84
30 36 86
149 2 15
684838 84 76
69 25 38
140 45 56
3822213 93 77
58 36 79
6365260 8 35
66 80 29
55 43 48
127 99 60
20 70 65
134 11 66
132 21 40
84699781 44 57
962120731190568 77 100
77902 2 62
6058719 1 66
20923 70 91
870076484799121 99 27
32 76 14
81 91 77
872979 59 35
45 70 86
49 35 89
123 1 80
92 18 37
81 38 30
992629308974 23 35
8 49 60
962002779023507 77 19
381073 14 42
12218834893291 92 48
8674616325147 79 88
24 83 77
42 51 52
128 60 7
7088 24 65
907272873356005 51 54
14 31 60
4555 96 51
40 68 29
108 77 69
641498622524 8 59
75 21 84
138 32 76
43 38 95
7 86 81
104 66 55
777398302 66 12
132 6 99
78 99 45
91050388300044 99 87
8748450 49 67
895391352290 70 41
4731325 28 89
249359105410715 42 92
42 95 95
3 40 77
167 47 7
5 15 23
55 63 37
82580521340 80 10
137 27 45
63804980 11 76
28 72 55
4791235 33 54
252443860892232 48 100
851662196480811 62 100
19 74 62
127 59 29
132 73 72
15 89 55
3899808695 24 5
44 46 77
16 2 92
159235 79 70
18 61 24
49 92 21
27 52 76
88708542 11 21
34 90 45
708624794 0 100
32 21 83
146 37 22
6281544 3 27
108 67 4
96275150748 60 95
144 69 82
95217005 73 24
6 7 9
100130208808 76 81
89 60 11
148 67 18
773224657 35 40
113 63 7
10 64 14
57 91 63
288868383338048 47 0
91 74 65
7756444851003 35 85
136 53 1
2 3 51
58 97 16
949091771159777 98 0
8 64 43
228431119000258 23 46
107 36 84
108 19 58
8215 53 9
45876 97 40
84 93 16
273537480017 31 92
141 11 23
130432343730169 69 16
456935074389 90 9
66 61 22
40 11 28
88 13 43
7171868079 27 20
15412703 60 11
478614213156 28 23
1644612 86 54
125 46 68
22899 7 9
10 1 41
81 60 46
21 68 54
27 35 63
148 7 37
118 51 20
1055 53 68
12 68 40
245175716981334 7 100
657 59 2
5586906991671 86 37
511085064625863 59 0
49 5 10
103064 76 60
10 23 43
104 93 22
100 82 90
78 69 31
17 32 77
138 5 63
47 16 16
4 13 65
33 39 92
3 29 86
5131346541937 82 73
704848168521997 10 100
15 9 9
80 30 4
2731967465623 33 49
3179829715890 75 67
130 13 8
573277293265304 81 39
11 73 90
353411815569507 73 30
39 80 45
9628337781670 48 58
102 9 82
99 77 59
4 60 81
17 55 66
2128025172320 59 19
8492168 96 39
7826100503471 38 7
5464641358 26 72
535026502607488 38 79
51 31 61
32 71 69
546299987114843 15 1
60 11 44
91356619039501 58 23
7708355017 75 51
41 52 44
111 87 37
119 25 66
86 82 50
91 89 36
3391462650 10 69
52 6 53
22 29 79
33 66 92
791483 76 94
59 14 67
4124087 78 31
90 22 79
12 15 61
258402736444100 6 23
64150766816826 25 14
128 90 26
493435604 25 41
85 24 31
47 81 32
23 83 43
106 35 98
5119139 74 65
143 20 41
1017992 20 88
13525 86 47
235500 49 77
625454364734 40 80
7 18 78
148 75 20
46 47 51
312 90 81
7167352121213 3 16
13 93 52
1838414877 64 58
127 57 74
861990 75 21
1764612302568 25 31
46 41 54
55 21 81
67 28 49
62881393652970 25 56
12 41 68
377455157208 25 18
97 26 88
22 39 44
37 4 76
4 58 31
100 42 3
93644242 50 18
124 69 55
71 15 28
132 86 84
54 9 29
561159848103045 25 0
89 60 48
24 15 63
116 76 59
3 89 2
15 66 16
19 24 16
9978253491 100 100
108 65 58
54 81 11
150 63 25
1000000000000000 50 31
145 10 92
1 94 38
91 92 2
128 62 81
466089527238 17 41
369790635392 32 20
748 86 37
7404388670260 57 7
44 17 15
36133596335680 97 41
137 6 30
103 61 94
6046786 38 95
782071461128872 27 3
116 68 92
8 98 38
8950299 54 52
519 93 21
72 62 90
411847952764 33 50
147 57 21
54386 62 64
8728571171834 86 4
131 21 10
144 40 77
80187347134425 14 72
139 14 23
37308904 80 90
25 66 97
92 43 21
98 45 27
43 41 62
53 36 37
88 3 59
557 4 92
809 93 75
99 53 23
103 53 66
13 79 86
530 6 94
136 26 63
63726 96 47
90 66 17
45 92 57
133 20 75
5895 86 54
489724 55 87
6753354576 75 98
106 6 12
52 89 42
82 4 6
10 85 28
17 8 81
148 51 26
32 80 74
20 93 77
150 17 42
27852598155 33 13
44757989628727 35 71
101 54 84
20633511 17 54
564637974917061 18 100
1134794372272 75 72
27 24 64
678331 50 54
75 21 2
22 26 95
4202974225 26 14
117 94 10
951072332871620 27 21
4 93 53
116 18 33
2 62 49
1129282 25 84
139 77 11
79391258822 25 87
863429764929 14 69
148 50 30
3 75 2
106 42 65
129 69 71
9465063809737 92 83
6 75 30
115 28 75
50 94 25
586584933 53 39
147 60 50
62 89 43
10 48 16
40845 52 47
71 17 5
96 38 49
28 98 10
100 30 36
57 31 77
93 38 23
81 62 11
78 55 73
72 25 94
8 39 57
142 20 47
388318964333861 5 0
178835564667239 4 73
5 97 69
6513807 8 48
687903337326527 76 0
634551264152666 65 77
8 88 70
620 93 83
95 82 89
21 3 50
727157278920169 31 14
143 91 46
220772012 46 13
15036112976630 41 27
48 56 40
34241 90 46
8250635944101 33 58
97325536476424 80 33
128 74 35
145 27 93
102688385289408 76 23
105 14 68
100161368802122 65 8
16 10 64
32 79 23
33 89 59
41 6 49
272779982 28 62
52 39 1
124 76 33
46 15 66
9556 44 1
42 93 47
861939404 11 65
94 61 94
116 67 93
5439463 38 55
90 49 49
70 59 26
25 89 3
30 94 71
21 14 50
4025085029 75 45
79 60 47
72 63 13
3780 20 92
83797132366383 43 51
50 37 53
54 5 97
438 21 38
7 21 36
31 68 57
505532044 67 22
143 8 39
120 30 24
871117 70 6
99 71 61
69 20 30
223673 39 63
91 38 98
15 45 19
6900 2 1
290 69 73
66 13 18
42110206676 53 63
133 43 19
7 61 82
75 57 30
2160892885549 43 12
88 15 58
95 92 83
148 91 87
77 72 77
1 5 67
81 29 48
3168628114719 91 57
963443801675 86 64
149 44 70
693134 53 93
59 2 38
131 66 91
554765693745255 68 0
43345536385499 19 17
56600585441329 97 36
67 63 54
104 70 33
33837 3 66
19 37 87
140 79 98
81615033220 36 41
52773866292045 97 73
39 93 37
105 38 90
67 45 23
27590 77 66
93637 5 53
1 7 22
147995 26 85
156809416640 17 51
6519018029131 1 67
65 96 9
271 53 71
4836632671 38 57
39 7 49
980315777099 71 2
3762 68 55
118 65 87
46 43 34
38036777741 90 99
908550299 61 72
70 95 74
289026869208 90 96
4619 21 79
7 90 15
107 24 17
35724453424646 54 5
429 15 41
61 50 35
120 7 64
8849 46 27
55 81 37
4842008 54 15
7 49 52
69 31 6
1644740591514 56 76
94 17 34
74 32 19
1 97 4
50455 39 55
85 37 14
880437113837 58 68
968 80 11
597 77 79
78688431492069 40 0
58 28 31
111 90 17
65 46 97
47 64 77
466021509839 69 74
79 62 62
150 5 4
69 79 83
146087425398218 11 68
316266180 77 99
1 34 63
98 77 50
87829 82 53
52 67 39
2 50 91
4 13 59
82 9 32
16 63 99
1430826789 98 59
47303122566806 46 92
825 52 26
88 78 18
132 18 80
8 89 3
7201112090380 93 75
66760936014637 59 97
93 32 94
67867 40 48
143 19 88
131 75 28
100 72 91
35 45 71
115 26 24
43 77 13
97139829350160 16 83
234430793 99 33
19 52 68
69269833 59 5
234053651229 5 63
2343442125 51 88
80935682 88 52
61 66 14
5904397 70 99
625320010 13 20
113918 37 26
55386191 86 55
68 33 80
737 50 47
131 18 19
327 74 81
75 97 44
65 9 1
18 29 41
22 4 45
495533248010635 73 19
82 92 37
79 8 8
1000000000000000 1 100
54 75 87
70 34 62
140 86 13
25 35 3
104222055290284 99 0
32 80 82
8 60 67
22 58 16
616318 90 43
64 75 29
77 12 94
25 50 42
120 31 7
4510575 77 90
4980 86 20
5888542606611 37 28
646516 86 38
886997 23 4
149 48 59
3007291920 36 90
12 57 23
123 15 35
124 52 8
95 63 78
62611 52 93
76 78 84
1530852045 3 75
56 90 69
91749513859435 97 31
586664055350048 36 88
129 6 51
610 54 10
86388668821184 68 93
40936364196740 55 83
511485766914368 5 74
36971776452 94 47
32 89 88
43 2 29
418459984919379 72 6
411359341508357 95 100
9 80 82
93 69 20
66 10 83
382454322474162 71 82
75 33 96
14519 3 38
80 71 37
1 20 47
13344089912450 8 14
48570 33 68
82 99 66
134 53 27
12 59 7
51 7 44
28 12 1
7254210986296 52 45
90 12 84
71 74 5
45 54 65
176 33 88
24 78 96
2213332 60 17
121 46 21
304497647477623 88 96
273245686532 99 1
16 32 53
73 70 12
76 99 24
81 20 47
1656777 73 15
823549807664251 21 51
163 78 62
6730661396900 98 58
130 52 4
102 27 83
67 94 89
7447 96 29
79 1 96
76251006825 43 38
770 22 65
44 18 4
817 84 8
7089800981 26 92
147 86 87
722491828596949 33 83
63 12 50
199679200 67 27
326647561874240 10 68
77 77 31
53373384 65 7
108 49 69
127 20 59
630490236640 92 90
145 38 84
40 4 27
9765084 49 72
635814961 67 6
7090707655 72 34
23 47 62
45 15 33
130 26 64
96826423051 76 14
99814 66 94
872896911894788 16 57
1083 65 6
94645277540685 82 60
95 10 95
25 29 60
63585030083 69 28
30 6 41
73 9 23
76352431557387 59 46
25100082887016 9 84
84 1 9
6 71 44
51 74 26
114 23 91
131 39 23
7514505 36 69
76640509590 22 63
439759 2 85
6104991 43 42
26 41 42
53 85 89
889334 46 92
125 16 6
722141954281809 20 84
9246 99 67
98454 39 9
83364838483079 91 95
44 27 10
148 94 18
59 94 39
80 38 69
139 56 57
132 8 63
51014294993757 69 17
348569103788 49 93
2 87 33
43216 37 51
31 31 17
396861077454119 43 81
1 86 59
275137420285857 54 95
109 69 44
4728064131 68 16
78 46 66
33 25 24
9126949 67 44
61 13 59
65 52 93
174694463485 88 71
19 4 21
584322465327037 81 51
793087 62 87
142 91 1
767401814 30 28
113 91 94
38 24 4
60 63 32
109 57 43
2 50 77
60 73 76
15958319 64 98
965452561893 67 13
33120 33 57
72 37 46
65 50 82
19736564075610 76 1
32 29 39
62 6 65
71 92 29
85 91 58
1938137450 57 5
14944524978 2 27
53 57 99
76 59 88
5 78 37
133 84 47
127 60 65
88 80 16
82 58 42
9481816541 6 39
354677519940 52 52
3007018157 51 94
93 76 58
95982081 88 8
1447471855680 55 5
101 83 1
2 40 8
43016969 97 86
913 71 26
8 27 88
901966362 53 3
29 93 86
38 18 12
15 9 93
8316 6 16
762804197453479 83 43
31393171354 58 86
709836484307960 59 56
145 39 70
10 3 31
2823929 7 74
91748394 69 7
110 42 52
973168245785 85 78
101620262 99 86
3 17 71
33 20 66
24 52 31
16390549889317 91 94
52494858255 65 29
7342 81 8
40 77 99
138 54 49
73910 47 42
14 99 24
63 28 6
739 36 16
104 17 41
23700 25 20
50 80 97
31231226483 1 69
6 15 69
731229087375 49 16
419839885 51 43
31 29 54
72662471 7 54
5 90 55
94276963670 31 49
139 1 62
150 94 2
14 89 86
21 33 41
143 54 32
41 10 51
1590435 89 47
68 73 84
9494 32 15
35 69 90
118 42 89
3 19 70
6 75 93
41 6 27
104 61 68
97597137272 41 77
118 58 88
116694844812371 49 44
460869731353857 52 2
8929084758 22 10
80674294862 41 43
36 21 41
46127263035 4 80
99352 65 85
257822396 9 33
107 58 19
141 79 87
1886937 93 30
431655 70 52
82 48 66
62895 72 34
93 42 4
607 65 77
121 17 76
561034125604 50 17
2199610922666 3 15
29 57 92
131 78 72
416197 17 71
60 21 3
12 63 90
96 32 89
91 51 70
108 49 76
111 20 30
707739754884 73 79
32 20 51
82 58 19
17 36 16
118 60 88
34272543401 32 79
13 22 91
5706 9 1
69816571849 97 71
4351972510 62 79
74 9 58
587769019932 10 75
97 37 59
285018864136 25 95
27648606 94 60
9741874415807 96 21
8 63 5
29560756543 86 80
76 3 67
60 52 37
147 93 22
115 65 10
3849703 7 23
8677 22 41
108 10 97
604198452193 61 14
25 55 33
128 83 38
9 6 48
7700855473104 62 81
13724915 2 10
87 96 58
469 26 72
37 79 95
38 32 4
128 62 34
117 96 40
141 59 57
123 51 92
66288423 60 66
126 79 31
18 3 73
3 83 90
51300152235 83 2
34 46 60
127 84 21
124 36 60
107 87 44
78 35 44
137 87 18
114 31 91
77 41 34
3410734906416 76 82
584371380979933 94 100
160999494407 93 94
55 23 57
6 44 9
1861987 6 44
8560399463 27 57
721855 55 51
103 64 8
908 32 29
105 49 44
28 54 5
119 92 52
183 67 96
25606298209 93 70
47886081052725 11 13
2 48 63
7 58 70
7 85 8
245582408 83 72
77 52 45
860795763325 35 14
120651945 85 59
6 40 72
35 31 59
69446989984 86 96
78 26 96
111 29 71
144 45 14
133 97 20
534285 30 91
139 1 30
28 61 63
150 75 48
755 16 12
111 18 15
126083497747198 98 70
82 75 26
136 84 96
630580266691 64 32
77 11 58
919625449936051 43 0
129 46 73
117 68 76
37 82 90
106 20 68
40 45 81
406299081311035 61 0
5965 63 14
119 12 41
11 57 56
1 50 96
46 68 25
741 23 15
28 94 20
62 81 9
6022 13 61
91 78 69
98 24 84
1 69 76
65 36 99
81 93 84
35 45 94
9986594112 43 62
877665376973 47 93
24 74 10
146 62 63
148 8 64
1994666374 33 18
582557314342 92 31
8805558 91 94
10 30 3
66745860296 73 63
639481293908851 50 0
78431965056134 88 25
59 47 36
3135113 58 27
693755396 29 4
69 94 66
412088391487 20 67
56 51 80
35 30 27
960026 35 81
11 61 51
95 18 14
29594822378 34 83
771 76 28
1370351 38 23
36780534392 22 21
8 67 54
20363248 10 8
72222 47 69
7040141 92 71
716204823 24 93
857851609124902 70 2
132972575171 46 58
20615790 39 90
5 89 87
5448387364719 87 90
121 34 30
133 75 40
54 54 26
42 11 44
8 91 82
113 30 43
55341213772 10 4
104 19 12
125658900 40 73
31 86 6
492348 49 69
7 69 47
30632266935 22 1
66 78 76
141 35 29
138 70 54
986785811303335 17 14
6459919047341 30 35
1898890 37 51
44581853621289 16 68
121 20 68
50629 2 32
107 91 68
21 48 7
64 94 78
31 87 84
5 7 84
377 96 87
4948 76 65
58 16 49
77 58 38
8 30 66
74 44 38
683 41 18
63 44 73
88 89 65
140 99 84
142 87 18
575071678065191 95 47
124 16 83
97 1 72
35 32 6
