100
1
1 10 10
0
1
1 10 10
1
1 10 10
1
1 10 10
2
1 10 10
1 10 10
1
2 5 11
76
1 10 0
2 7 0
1 10 0
1 10 0
1 10 0
1 10 0
1 10 0
1 10 0
1 10 0
1 10 0
1 10 0
2 18 11
1 22 0
2 21 0
1 22 0
1 22 0
1 22 0
1 22 0
1 22 0
1 22 0
1 22 0
1 22 0
1 22 0
2 11 11
1 15 0
2 14 0
1 15 0
1 15 0
1 15 0
1 15 0
1 15 0
1 15 0
1 15 0
1 15 0
1 15 0
2 24 11
1 29 0
2 15 0
1 29 0
1 29 0
1 29 0
1 29 0
1 29 0
1 29 0
1 29 0
1 29 0
1 29 0
2 32 11
2 18 0
1 26 0
1 26 0
1 26 0
1 26 0
1 26 0
1 26 0
1 26 0
1 26 0
1 26 0
1 26 0
2 10 11
2 17 0
1 21 0
1 21 0
1 21 0
1 21 0
1 21 0
1 21 0
1 21 0
1 21 0
1 21 0
1 21 0
0 49 0
0 44 0
0 40 0
0 29 0
0 25 0
1
2 5 6
74
1 21 0
2 18 0
1 21 0
1 21 0
1 21 0
1 21 0
2 47 6
2 15 0
1 22 0
1 22 0
1 22 0
1 22 0
1 22 0
2 0 6
2 17 0
1 26 0
1 26 0
1 26 0
1 26 0
1 26 0
2 10 6
2 9 0
1 10 0
1 10 0
1 10 0
1 10 0
1 10 0
2 49 6
1 7 0
2 6 0
1 7 0
1 7 0
1 7 0
1 7 0
2 19 6
2 14 0
1 20 0
1 20 0
1 20 0
1 20 0
1 20 0
2 18 6
2 12 0
1 13 0
1 13 0
1 13 0
1 13 0
1 13 0
2 36 6
2 8 0
1 11 0
1 11 0
1 11 0
1 11 0
1 11 0
2 12 6
1 13 0
2 9 0
1 13 0
1 13 0
1 13 0
1 13 0
2 11 6
1 23 0
2 19 0
1 23 0
1 23 0
1 23 0
1 23 0
0 28 0
0 36 0
0 15 0
0 23 0
0 29 0
1
2 50 32
79
2 17 0
1 23 0
1 23 0
1 23 0
1 23 0
1 23 0
1 23 0
1 23 0
1 23 0
1 23 0
1 23 0
1 23 0
1 23 0
1 23 0
1 23 0
1 23 0
1 23 0
1 23 0
1 23 0
1 23 0
1 23 0
1 23 0
1 23 0
1 23 0
1 23 0
1 23 0
1 23 0
1 23 0
1 23 0
1 23 0
1 23 0
1 23 0
2 48 32
1 29 0
2 21 0
1 29 0
1 29 0
1 29 0
1 29 0
1 29 0
1 29 0
1 29 0
1 29 0
1 29 0
1 29 0
1 29 0
1 29 0
1 29 0
1 29 0
1 29 0
1 29 0
1 29 0
1 29 0
1 29 0
1 29 0
1 29 0
1 29 0
1 29 0
1 29 0
1 29 0
1 29 0
1 29 0
1 29 0
1 29 0
1 29 0
0 27 0
0 50 0
0 42 0
0 39 0
0 13 0
0 33 0
0 36 0
0 21 0
0 29 0
0 46 0
0 10 0
0 40 0
0 47 0
0 22 0
1
2 47 5
71
1 17 0
2 10 0
1 17 0
1 17 0
1 17 0
2 20 5
1 11 0
2 10 0
1 11 0
1 11 0
1 11 0
2 26 5
1 20 0
2 10 0
1 20 0
1 20 0
1 20 0
2 43 5
1 18 0
2 15 0
1 18 0
1 18 0
1 18 0
2 14 5
1 26 0
2 18 0
1 26 0
1 26 0
1 26 0
2 10 5
2 8 0
1 9 0
1 9 0
1 9 0
1 9 0
2 41 5
1 19 0
2 15 0
1 19 0
1 19 0
1 19 0
2 8 5
1 18 0
2 14 0
1 18 0
1 18 0
1 18 0
2 5 5
1 33 0
2 24 0
1 33 0
1 33 0
1 33 0
2 25 5
1 40 0
2 24 0
1 40 0
1 40 0
1 40 0
2 28 5
2 25 0
1 40 0
1 40 0
1 40 0
1 40 0
0 37 0
0 36 0
0 11 0
0 48 0
0 20 0
0 23 0
1
2 24 15
69
1 22 0
2 16 0
1 22 0
1 22 0
1 22 0
1 22 0
1 22 0
1 22 0
1 22 0
1 22 0
1 22 0
1 22 0
1 22 0
1 22 0
1 22 0
2 13 15
1 10 0
2 9 0
1 10 0
1 10 0
1 10 0
1 10 0
1 10 0
1 10 0
1 10 0
1 10 0
1 10 0
1 10 0
1 10 0
1 10 0
1 10 0
2 44 15
1 19 0
2 18 0
1 19 0
1 19 0
1 19 0
1 19 0
1 19 0
1 19 0
1 19 0
1 19 0
1 19 0
1 19 0
1 19 0
1 19 0
1 19 0
2 10 15
1 26 0
2 18 0
1 26 0
1 26 0
1 26 0
1 26 0
1 26 0
1 26 0
1 26 0
1 26 0
1 26 0
1 26 0
1 26 0
1 26 0
1 26 0
0 43 0
0 10 0
0 33 0
0 19 0
0 13 0
0 26 0
1
2 33 17
73
2 4 0
1 6 0
1 6 0
1 6 0
1 6 0
1 6 0
1 6 0
1 6 0
1 6 0
1 6 0
1 6 0
1 6 0
1 6 0
1 6 0
1 6 0
1 6 0
1 6 0
2 38 17
2 4 0
1 5 0
1 5 0
1 5 0
1 5 0
1 5 0
1 5 0
1 5 0
1 5 0
1 5 0
1 5 0
1 5 0
1 5 0
1 5 0
1 5 0
1 5 0
1 5 0
2 13 17
1 27 0
2 17 0
1 27 0
1 27 0
1 27 0
1 27 0
1 27 0
1 27 0
1 27 0
1 27 0
1 27 0
1 27 0
1 27 0
1 27 0
1 27 0
1 27 0
1 27 0
2 49 17
1 8 0
2 5 0
1 8 0
1 8 0
1 8 0
1 8 0
1 8 0
1 8 0
1 8 0
1 8 0
1 8 0
1 8 0
1 8 0
1 8 0
1 8 0
1 8 0
1 8 0
0 17 0
0 46 0
1
2 14 3
65
1 2 0
2 1 0
1 2 0
2 17 3
1 5 0
2 4 0
1 5 0
2 17 3
1 12 0
2 7 0
1 12 0
2 19 3
1 6 0
2 4 0
1 6 0
2 29 3
2 7 0
1 10 0
1 10 0
2 42 3
2 16 0
1 26 0
1 26 0
2 26 3
1 23 0
2 22 0
1 23 0
2 11 3
1 15 0
2 11 0
1 15 0
2 7 3
2 13 0
1 15 0
1 15 0
2 36 3
1 37 0
2 28 0
1 37 0
2 18 3
1 26 0
2 25 0
1 26 0
2 49 3
2 26 0
1 31 0
1 31 0
2 46 3
1 36 0
2 32 0
1 36 0
2 19 3
1 20 0
2 17 0
1 20 0
2 21 3
1 30 0
2 25 0
1 30 0
2 34 3
1 34 0
2 29 0
1 34 0
0 29 0
0 25 0
1
2 45 37
77
1 25 0
2 13 0
1 25 0
1 25 0
1 25 0
1 25 0
1 25 0
1 25 0
1 25 0
1 25 0
1 25 0
1 25 0
1 25 0
1 25 0
1 25 0
1 25 0
1 25 0
1 25 0
1 25 0
1 25 0
1 25 0
1 25 0
1 25 0
1 25 0
1 25 0
1 25 0
1 25 0
1 25 0
1 25 0
1 25 0
1 25 0
1 25 0
1 25 0
1 25 0
1 25 0
1 25 0
1 25 0
2 16 37
2 14 0
1 17 0
1 17 0
1 17 0
1 17 0
1 17 0
1 17 0
1 17 0
1 17 0
1 17 0
1 17 0
1 17 0
1 17 0
1 17 0
1 17 0
1 17 0
1 17 0
1 17 0
1 17 0
1 17 0
1 17 0
1 17 0
1 17 0
1 17 0
1 17 0
1 17 0
1 17 0
1 17 0
1 17 0
1 17 0
1 17 0
1 17 0
1 17 0
1 17 0
1 17 0
1 17 0
1 17 0
0 13 0
0 41 0
1
2 39 11
76
2 1 0
1 2 0
1 2 0
1 2 0
1 2 0
1 2 0
1 2 0
1 2 0
1 2 0
1 2 0
1 2 0
2 35 11
1 9 0
2 7 0
1 9 0
1 9 0
1 9 0
1 9 0
1 9 0
1 9 0
1 9 0
1 9 0
1 9 0
2 10 11
2 6 0
1 7 0
1 7 0
1 7 0
1 7 0
1 7 0
1 7 0
1 7 0
1 7 0
1 7 0
1 7 0
2 35 11
2 7 0
1 12 0
1 12 0
1 12 0
1 12 0
1 12 0
1 12 0
1 12 0
1 12 0
1 12 0
1 12 0
2 50 11
1 20 0
2 15 0
1 20 0
1 20 0
1 20 0
1 20 0
1 20 0
1 20 0
1 20 0
1 20 0
1 20 0
2 27 11
2 20 0
1 26 0
1 26 0
1 26 0
1 26 0
1 26 0
1 26 0
1 26 0
1 26 0
1 26 0
1 26 0
0 28 0
0 36 0
0 42 0
0 10 0
0 27 0
1
2 50 50
79
2 50 0
2 50 0
2 50 0
2 50 0
2 50 0
2 50 0
2 50 0
2 50 0
2 50 0
2 50 0
2 50 0
2 50 0
2 50 0
2 50 0
2 50 0
2 50 0
2 50 0
2 50 0
2 50 0
2 50 0
2 50 0
2 50 0
2 50 0
2 50 0
2 50 0
2 50 0
2 50 0
2 50 0
2 50 0
2 50 0
2 50 0
2 50 0
2 50 0
2 50 0
2 50 0
2 50 0
2 50 0
2 50 0
2 50 0
2 50 0
2 50 0
2 50 0
2 50 0
2 50 0
2 50 0
2 50 0
2 50 0
2 50 0
2 50 0
2 50 0
2 50 0
2 50 0
2 50 0
2 50 0
2 50 0
2 50 0
2 50 0
2 50 0
2 50 0
2 50 0
2 50 0
2 50 0
2 50 0
2 50 0
2 50 0
2 50 0
2 50 0
2 50 0
2 50 0
2 50 0
2 50 0
2 50 0
2 50 0
2 50 0
2 50 0
2 50 0
2 50 0
2 50 0
2 50 0
1
2 24 6
79
2 10 0
1 11 0
1 11 0
1 11 0
1 11 0
1 11 0
2 15 6
1 7 0
2 5 0
1 7 0
1 7 0
1 7 0
1 7 0
2 38 6
1 13 0
2 10 0
1 13 0
1 13 0
1 13 0
1 13 0
2 30 6
2 17 0
1 22 0
1 22 0
1 22 0
1 22 0
1 22 0
2 1 6
1 11 0
2 10 0
1 11 0
1 11 0
1 11 0
1 11 0
2 15 6
1 33 0
2 22 0
1 33 0
1 33 0
1 33 0
1 33 0
2 32 6
1 9 0
2 8 0
1 9 0
1 9 0
1 9 0
1 9 0
2 24 6
2 8 0
1 15 0
1 15 0
1 15 0
1 15 0
1 15 0
2 1 6
1 24 0
2 22 0
1 24 0
1 24 0
1 24 0
1 24 0
2 24 6
1 30 0
2 21 0
1 30 0
1 30 0
1 30 0
1 30 0
2 24 6
1 37 0
2 22 0
1 37 0
1 37 0
1 37 0
1 37 0
0 24 0
0 35 0
0 42 0
1
2 23 50
79
1 2 0
2 1 0
1 2 0
1 2 0
1 2 0
1 2 0
1 2 0
1 2 0
1 2 0
1 2 0
1 2 0
1 2 0
1 2 0
1 2 0
1 2 0
1 2 0
1 2 0
1 2 0
1 2 0
1 2 0
1 2 0
1 2 0
1 2 0
1 2 0
1 2 0
1 2 0
1 2 0
1 2 0
1 2 0
1 2 0
1 2 0
1 2 0
1 2 0
1 2 0
1 2 0
1 2 0
1 2 0
1 2 0
1 2 0
1 2 0
1 2 0
1 2 0
1 2 0
1 2 0
1 2 0
1 2 0
1 2 0
1 2 0
1 2 0
1 2 0
1 2 0
1 2 0
1 2 0
1 2 0
1 2 0
1 2 0
1 2 0
1 2 0
1 2 0
1 2 0
1 2 0
1 2 0
1 2 0
1 2 0
1 2 0
1 2 0
1 2 0
1 2 0
1 2 0
1 2 0
0 40 0
0 21 0
0 35 0
0 48 0
0 35 0
0 30 0
0 40 0
0 30 0
0 21 0
1
2 28 12
67
2 4 0
1 5 0
1 5 0
1 5 0
1 5 0
1 5 0
1 5 0
1 5 0
1 5 0
1 5 0
1 5 0
1 5 0
2 7 12
2 10 0
1 11 0
1 11 0
1 11 0
1 11 0
1 11 0
1 11 0
1 11 0
1 11 0
1 11 0
1 11 0
1 11 0
2 12 12
2 17 0
1 27 0
1 27 0
1 27 0
1 27 0
1 27 0
1 27 0
1 27 0
1 27 0
1 27 0
1 27 0
1 27 0
2 46 12
1 6 0
2 4 0
1 6 0
1 6 0
1 6 0
1 6 0
1 6 0
1 6 0
1 6 0
1 6 0
1 6 0
1 6 0
2 17 12
1 25 0
2 23 0
1 25 0
1 25 0
1 25 0
1 25 0
1 25 0
1 25 0
1 25 0
1 25 0
1 25 0
1 25 0
0 16 0
0 10 0
0 21 0
1
2 24 50
79
2 4 0
1 6 0
1 6 0
1 6 0
1 6 0
1 6 0
1 6 0
1 6 0
1 6 0
1 6 0
1 6 0
1 6 0
1 6 0
1 6 0
1 6 0
1 6 0
1 6 0
1 6 0
1 6 0
1 6 0
1 6 0
1 6 0
1 6 0
1 6 0
1 6 0
1 6 0
1 6 0
1 6 0
1 6 0
1 6 0
1 6 0
1 6 0
1 6 0
1 6 0
1 6 0
1 6 0
1 6 0
1 6 0
1 6 0
1 6 0
1 6 0
1 6 0
1 6 0
1 6 0
1 6 0
1 6 0
1 6 0
1 6 0
1 6 0
1 6 0
1 6 0
1 6 0
1 6 0
1 6 0
1 6 0
1 6 0
1 6 0
1 6 0
1 6 0
1 6 0
1 6 0
1 6 0
1 6 0
1 6 0
1 6 0
1 6 0
1 6 0
1 6 0
1 6 0
1 6 0
1 6 0
1 6 0
1 6 0
1 6 0
1 6 0
0 42 0
0 23 0
0 21 0
0 25 0
1
2 21 34
79
1 21 0
2 20 0
1 21 0
1 21 0
1 21 0
1 21 0
1 21 0
1 21 0
1 21 0
1 21 0
1 21 0
1 21 0
1 21 0
1 21 0
1 21 0
1 21 0
1 21 0
1 21 0
1 21 0
1 21 0
1 21 0
1 21 0
1 21 0
1 21 0
1 21 0
1 21 0
1 21 0
1 21 0
1 21 0
1 21 0
1 21 0
1 21 0
1 21 0
1 21 0
2 46 34
1 37 0
2 20 0
1 37 0
1 37 0
1 37 0
1 37 0
1 37 0
1 37 0
1 37 0
1 37 0
1 37 0
1 37 0
1 37 0
1 37 0
1 37 0
1 37 0
1 37 0
1 37 0
1 37 0
1 37 0
1 37 0
1 37 0
1 37 0
1 37 0
1 37 0
1 37 0
1 37 0
1 37 0
1 37 0
1 37 0
1 37 0
1 37 0
1 37 0
1 37 0
0 29 0
0 41 0
0 23 0
0 31 0
0 41 0
0 37 0
0 13 0
0 42 0
0 38 0
0 48 0
1
1 50 50
79
1 50 0
1 50 0
1 50 0
1 50 0
1 50 0
1 50 0
1 50 0
1 50 0
1 50 0
1 50 0
1 50 0
1 50 0
1 50 0
1 50 0
1 50 0
1 50 0
1 50 0
1 50 0
1 50 0
1 50 0
1 50 0
1 50 0
1 50 0
1 50 0
1 50 0
1 50 0
1 50 0
1 50 0
1 50 0
1 50 0
1 50 0
1 50 0
1 50 0
1 50 0
1 50 0
1 50 0
1 50 0
1 50 0
1 50 0
1 50 0
1 50 0
1 50 0
1 50 0
1 50 0
1 50 0
1 50 0
1 50 0
1 50 0
1 50 0
1 50 0
1 50 0
1 50 0
1 50 0
1 50 0
1 50 0
1 50 0
1 50 0
1 50 0
1 50 0
1 50 0
1 50 0
1 50 0
1 50 0
1 50 0
1 50 0
1 50 0
1 50 0
1 50 0
1 50 0
1 50 0
1 50 0
1 50 0
1 50 0
1 50 0
1 50 0
1 50 0
1 50 0
1 50 0
1 50 0
1
2 46 32
70
1 22 0
2 12 0
1 22 0
1 22 0
1 22 0
1 22 0
1 22 0
1 22 0
1 22 0
1 22 0
1 22 0
1 22 0
1 22 0
1 22 0
1 22 0
1 22 0
1 22 0
1 22 0
1 22 0
1 22 0
1 22 0
1 22 0
1 22 0
1 22 0
1 22 0
1 22 0
1 22 0
1 22 0
1 22 0
1 22 0
1 22 0
1 22 0
2 23 32
2 17 0
1 27 0
1 27 0
1 27 0
1 27 0
1 27 0
1 27 0
1 27 0
1 27 0
1 27 0
1 27 0
1 27 0
1 27 0
1 27 0
1 27 0
1 27 0
1 27 0
1 27 0
1 27 0
1 27 0
1 27 0
1 27 0
1 27 0
1 27 0
1 27 0
1 27 0
1 27 0
1 27 0
1 27 0
1 27 0
1 27 0
1 27 0
0 21 0
0 40 0
0 26 0
0 25 0
0 43 0
3
1 50 50
0 50 50
2 50 50
77
1 50 0
0 50 0
0 50 0
0 50 0
0 50 0
2 50 0
1 50 0
2 50 0
2 50 0
0 50 0
1 50 0
2 50 0
0 50 0
0 50 0
2 50 0
1 50 0
0 50 0
1 50 0
1 50 0
1 50 0
0 50 0
2 50 0
2 50 0
0 50 0
0 50 0
1 50 0
0 50 0
0 50 0
0 50 0
2 50 0
0 50 0
2 50 0
1 50 0
2 50 0
2 50 0
2 50 0
1 50 0
1 50 0
0 50 0
1 50 0
2 50 0
2 50 0
1 50 0
1 50 0
0 50 0
2 50 0
2 50 0
1 50 0
1 50 0
2 50 0
1 50 0
0 50 0
2 50 0
1 50 0
2 50 0
1 50 0
0 50 0
0 50 0
0 50 0
1 50 0
1 50 0
0 50 0
1 50 0
2 50 0
1 50 0
1 50 0
0 50 0
0 50 0
0 50 0
1 50 0
2 50 0
1 50 0
1 50 0
2 50 0
0 50 0
0 50 0
0 50 0
1
2 37 21
77
2 8 0
1 11 0
1 11 0
1 11 0
1 11 0
1 11 0
1 11 0
1 11 0
1 11 0
1 11 0
1 11 0
1 11 0
1 11 0
1 11 0
1 11 0
1 11 0
1 11 0
1 11 0
1 11 0
1 11 0
1 11 0
2 14 21
2 5 0
1 7 0
1 7 0
1 7 0
1 7 0
1 7 0
1 7 0
1 7 0
1 7 0
1 7 0
1 7 0
1 7 0
1 7 0
1 7 0
1 7 0
1 7 0
1 7 0
1 7 0
1 7 0
1 7 0
1 7 0
2 1 21
2 6 0
1 8 0
1 8 0
1 8 0
1 8 0
1 8 0
1 8 0
1 8 0
1 8 0
1 8 0
1 8 0
1 8 0
1 8 0
1 8 0
1 8 0
1 8 0
1 8 0
1 8 0
1 8 0
1 8 0
1 8 0
0 44 0
0 50 0
0 25 0
0 49 0
0 20 0
0 21 0
0 16 0
0 24 0
0 45 0
0 30 0
0 42 0
0 30 0
1
2 3 6
78
2 4 0
1 5 0
1 5 0
1 5 0
1 5 0
1 5 0
2 29 6
1 7 0
2 6 0
1 7 0
1 7 0
1 7 0
1 7 0
2 46 6
2 15 0
1 22 0
1 22 0
1 22 0
1 22 0
1 22 0
2 17 6
2 17 0
1 19 0
1 19 0
1 19 0
1 19 0
1 19 0
2 49 6
2 19 0
1 21 0
1 21 0
1 21 0
1 21 0
1 21 0
2 39 6
1 28 0
2 25 0
1 28 0
1 28 0
1 28 0
1 28 0
2 16 6
2 23 0
1 27 0
1 27 0
1 27 0
1 27 0
1 27 0
2 16 6
2 22 0
1 24 0
1 24 0
1 24 0
1 24 0
1 24 0
2 33 6
1 14 0
2 10 0
1 14 0
1 14 0
1 14 0
1 14 0
2 2 6
2 19 0
1 33 0
1 33 0
1 33 0
1 33 0
1 33 0
2 12 6
1 19 0
2 11 0
1 19 0
1 19 0
1 19 0
1 19 0
0 50 0
0 49 0
15
2 50 50
0 50 50
1 50 50
0 50 50
1 50 50
2 50 50
1 50 50
1 50 50
0 50 50
2 50 50
0 50 50
2 50 50
2 50 50
0 50 50
0 50 50
65
2 50 0
0 50 0
0 50 0
0 50 0
1 50 0
2 50 0
2 50 0
0 50 0
0 50 0
1 50 0
1 50 0
1 50 0
2 50 0
2 50 0
1 50 0
2 50 0
1 50 0
0 50 0
1 50 0
0 50 0
0 50 0
2 50 0
2 50 0
0 50 0
1 50 0
2 50 0
1 50 0
0 50 0
1 50 0
1 50 0
1 50 0
0 50 0
1 50 0
0 50 0
2 50 0
0 50 0
0 50 0
2 50 0
1 50 0
0 50 0
0 50 0
1 50 0
0 50 0
2 50 0
0 50 0
0 50 0
2 50 0
1 50 0
2 50 0
1 50 0
0 50 0
2 50 0
0 50 0
1 50 0
0 50 0
2 50 0
1 50 0
2 50 0
2 50 0
0 50 0
2 50 0
2 50 0
0 50 0
2 50 0
2 50 0
1
0 50 50
79
0 50 0
0 50 0
0 50 0
0 50 0
0 50 0
0 50 0
0 50 0
0 50 0
0 50 0
0 50 0
0 50 0
0 50 0
0 50 0
0 50 0
0 50 0
0 50 0
0 50 0
0 50 0
0 50 0
0 50 0
0 50 0
0 50 0
0 50 0
0 50 0
0 50 0
0 50 0
0 50 0
0 50 0
0 50 0
0 50 0
0 50 0
0 50 0
0 50 0
0 50 0
0 50 0
0 50 0
0 50 0
0 50 0
0 50 0
0 50 0
0 50 0
0 50 0
0 50 0
0 50 0
0 50 0
0 50 0
0 50 0
0 50 0
0 50 0
0 50 0
0 50 0
0 50 0
0 50 0
0 50 0
0 50 0
0 50 0
0 50 0
0 50 0
0 50 0
0 50 0
0 50 0
0 50 0
0 50 0
0 50 0
0 50 0
0 50 0
0 50 0
0 50 0
0 50 0
0 50 0
0 50 0
0 50 0
0 50 0
0 50 0
0 50 0
0 50 0
0 50 0
0 50 0
0 50 0
1
2 27 8
77
1 5 0
2 4 0
1 5 0
1 5 0
1 5 0
1 5 0
1 5 0
1 5 0
2 18 8
1 24 0
2 16 0
1 24 0
1 24 0
1 24 0
1 24 0
1 24 0
1 24 0
2 24 8
2 20 0
1 21 0
1 21 0
1 21 0
1 21 0
1 21 0
1 21 0
1 21 0
2 32 8
2 20 0
1 24 0
1 24 0
1 24 0
1 24 0
1 24 0
1 24 0
1 24 0
2 42 8
1 22 0
2 16 0
1 22 0
1 22 0
1 22 0
1 22 0
1 22 0
1 22 0
2 23 8
2 25 0
1 26 0
1 26 0
1 26 0
1 26 0
1 26 0
1 26 0
1 26 0
2 10 8
1 21 0
2 16 0
1 21 0
1 21 0
1 21 0
1 21 0
1 21 0
1 21 0
2 35 8
1 22 0
2 20 0
1 22 0
1 22 0
1 22 0
1 22 0
1 22 0
1 22 0
0 28 0
0 24 0
0 32 0
0 43 0
0 42 0
0 15 0
8
1 0 0
2 5 3
1 43 0
2 39 0
0 43 0
1 10 0
0 18 0
2 6 0
72
1 44 2
1 41 0
0 50 0
1 40 0
0 7 0
1 22 1
2 6 1
2 35 0
0 27 0
0 39 0
0 30 0
0 2 0
0 27 0
0 15 1
0 1 0
0 43 0
2 45 0
0 41 0
0 45 2
1 38 0
0 6 0
0 24 0
2 48 0
1 39 0
0 46 0
1 38 0
2 42 0
2 0 0
1 48 0
0 35 0
2 33 0
0 14 1
1 27 0
2 34 0
2 9 0
1 18 0
1 21 3
1 36 0
2 3 1
0 39 0
0 33 0
2 50 0
0 34 0
2 46 0
2 41 0
2 38 0
0 17 0
1 50 0
2 19 0
2 23 0
1 19 0
2 7 0
0 50 0
0 43 0
2 17 0
2 16 0
0 18 0
2 12 1
2 37 2
1 9 0
0 13 0
1 36 0
1 34 0
0 21 0
0 17 0
1 46 0
0 45 0
0 4 1
2 44 0
1 5 1
1 22 0
1 49 0
1
2 29 5
75
2 5 0
1 7 0
1 7 0
1 7 0
1 7 0
2 31 5
1 25 0
2 17 0
1 25 0
1 25 0
1 25 0
2 43 5
2 8 0
1 10 0
1 10 0
1 10 0
1 10 0
2 10 5
2 23 0
1 29 0
1 29 0
1 29 0
1 29 0
2 10 5
2 17 0
1 19 0
1 19 0
1 19 0
1 19 0
2 47 5
2 13 0
1 14 0
1 14 0
1 14 0
1 14 0
2 39 5
1 28 0
2 26 0
1 28 0
1 28 0
1 28 0
2 39 5
2 22 0
1 25 0
1 25 0
1 25 0
1 25 0
2 9 5
1 10 0
2 9 0
1 10 0
1 10 0
1 10 0
2 0 5
1 23 0
2 19 0
1 23 0
1 23 0
1 23 0
2 45 5
2 16 0
1 25 0
1 25 0
1 25 0
1 25 0
2 2 5
1 30 0
2 20 0
1 30 0
1 30 0
1 30 0
0 34 0
0 35 0
0 19 0
0 46 0
5
1 50 50
1 50 50
2 50 50
0 50 50
1 50 50
75
2 50 0
2 50 0
2 50 0
2 50 0
0 50 0
2 50 0
2 50 0
2 50 0
0 50 0
0 50 0
1 50 0
0 50 0
2 50 0
2 50 0
0 50 0
1 50 0
2 50 0
0 50 0
2 50 0
1 50 0
1 50 0
1 50 0
0 50 0
1 50 0
2 50 0
2 50 0
0 50 0
0 50 0
0 50 0
1 50 0
2 50 0
1 50 0
2 50 0
2 50 0
1 50 0
1 50 0
0 50 0
1 50 0
0 50 0
0 50 0
1 50 0
0 50 0
1 50 0
1 50 0
1 50 0
1 50 0
0 50 0
1 50 0
0 50 0
0 50 0
2 50 0
2 50 0
0 50 0
2 50 0
1 50 0
0 50 0
1 50 0
0 50 0
1 50 0
0 50 0
2 50 0
2 50 0
0 50 0
1 50 0
2 50 0
0 50 0
1 50 0
2 50 0
0 50 0
1 50 0
0 50 0
2 50 0
2 50 0
2 50 0
1 50 0
10
0 39 0
2 29 0
1 38 0
2 3 0
2 12 2
2 33 0
1 32 2
0 33 0
1 50 0
1 29 0
70
1 6 0
2 34 0
0 6 1
1 32 0
0 27 0
2 48 1
0 5 0
1 19 0
0 28 0
0 24 0
2 5 0
1 0 0
1 43 0
2 29 0
1 26 0
0 43 0
0 14 0
2 16 0
0 24 0
2 10 0
2 17 0
2 47 0
0 33 0
1 29 0
2 28 0
0 32 0
1 29 0
1 49 0
1 23 0
1 41 0
1 45 0
0 36 0
1 41 0
1 42 0
1 15 0
1 50 0
0 20 0
1 24 0
0 13 0
0 37 0
1 2 0
0 18 0
2 7 0
0 32 0
1 11 0
2 22 0
0 14 1
0 39 0
1 25 0
2 9 1
1 0 0
1 16 0
1 5 1
2 32 0
1 3 0
1 50 0
0 44 0
2 33 0
1 21 1
0 19 0
1 3 0
2 3 0
0 1 1
2 34 0
1 14 0
2 36 0
0 49 0
1 22 0
0 26 0
0 29 0
1
2 37 32
71
1 9 0
2 7 0
1 9 0
1 9 0
1 9 0
1 9 0
1 9 0
1 9 0
1 9 0
1 9 0
1 9 0
1 9 0
1 9 0
1 9 0
1 9 0
1 9 0
1 9 0
1 9 0
1 9 0
1 9 0
1 9 0
1 9 0
1 9 0
1 9 0
1 9 0
1 9 0
1 9 0
1 9 0
1 9 0
1 9 0
1 9 0
1 9 0
2 1 32
1 13 0
2 8 0
1 13 0
1 13 0
1 13 0
1 13 0
1 13 0
1 13 0
1 13 0
1 13 0
1 13 0
1 13 0
1 13 0
1 13 0
1 13 0
1 13 0
1 13 0
1 13 0
1 13 0
1 13 0
1 13 0
1 13 0
1 13 0
1 13 0
1 13 0
1 13 0
1 13 0
1 13 0
1 13 0
1 13 0
1 13 0
1 13 0
0 10 0
0 48 0
0 35 0
0 42 0
0 37 0
0 45 0
1
2 6 13
75
1 25 0
2 18 0
1 25 0
1 25 0
1 25 0
1 25 0
1 25 0
1 25 0
1 25 0
1 25 0
1 25 0
1 25 0
1 25 0
2 46 13
1 6 0
2 3 0
1 6 0
1 6 0
1 6 0
1 6 0
1 6 0
1 6 0
1 6 0
1 6 0
1 6 0
1 6 0
1 6 0
2 22 13
2 9 0
1 14 0
1 14 0
1 14 0
1 14 0
1 14 0
1 14 0
1 14 0
1 14 0
1 14 0
1 14 0
1 14 0
1 14 0
2 31 13
2 23 0
1 24 0
1 24 0
1 24 0
1 24 0
1 24 0
1 24 0
1 24 0
1 24 0
1 24 0
1 24 0
1 24 0
1 24 0
2 17 13
1 11 0
2 9 0
1 11 0
1 11 0
1 11 0
1 11 0
1 11 0
1 11 0
1 11 0
1 11 0
1 11 0
1 11 0
1 11 0
0 25 0
0 36 0
0 31 0
0 14 0
0 27 0
0 19 0
1
2 0 23
78
2 18 0
1 19 0
1 19 0
1 19 0
1 19 0
1 19 0
1 19 0
1 19 0
1 19 0
1 19 0
1 19 0
1 19 0
1 19 0
1 19 0
1 19 0
1 19 0
1 19 0
1 19 0
1 19 0
1 19 0
1 19 0
1 19 0
1 19 0
2 41 23
1 16 0
2 10 0
1 16 0
1 16 0
1 16 0
1 16 0
1 16 0
1 16 0
1 16 0
1 16 0
1 16 0
1 16 0
1 16 0
1 16 0
1 16 0
1 16 0
1 16 0
1 16 0
1 16 0
1 16 0
1 16 0
1 16 0
1 16 0
2 23 23
2 9 0
1 12 0
1 12 0
1 12 0
1 12 0
1 12 0
1 12 0
1 12 0
1 12 0
1 12 0
1 12 0
1 12 0
1 12 0
1 12 0
1 12 0
1 12 0
1 12 0
1 12 0
1 12 0
1 12 0
1 12 0
1 12 0
1 12 0
0 32 0
0 28 0
0 29 0
0 49 0
0 40 0
0 33 0
0 19 0
20
0 50 50
2 50 50
0 50 50
2 50 50
1 50 50
1 50 50
0 50 50
0 50 50
2 50 50
2 50 50
2 50 50
0 50 50
0 50 50
2 50 50
1 50 50
1 50 50
1 50 50
2 50 50
2 50 50
1 50 50
60
1 50 0
2 50 0
1 50 0
0 50 0
2 50 0
1 50 0
0 50 0
0 50 0
1 50 0
0 50 0
0 50 0
1 50 0
1 50 0
2 50 0
1 50 0
1 50 0
1 50 0
2 50 0
2 50 0
0 50 0
2 50 0
0 50 0
2 50 0
1 50 0
2 50 0
0 50 0
2 50 0
2 50 0
1 50 0
0 50 0
0 50 0
0 50 0
0 50 0
1 50 0
0 50 0
0 50 0
2 50 0
1 50 0
2 50 0
0 50 0
2 50 0
2 50 0
1 50 0
0 50 0
0 50 0
1 50 0
1 50 0
2 50 0
1 50 0
2 50 0
0 50 0
2 50 0
1 50 0
1 50 0
0 50 0
2 50 0
2 50 0
0 50 0
2 50 0
2 50 0
1
2 15 9
75
1 16 0
2 13 0
1 16 0
1 16 0
1 16 0
1 16 0
1 16 0
1 16 0
1 16 0
2 25 9
2 19 0
1 29 0
1 29 0
1 29 0
1 29 0
1 29 0
1 29 0
1 29 0
1 29 0
2 39 9
2 15 0
1 17 0
1 17 0
1 17 0
1 17 0
1 17 0
1 17 0
1 17 0
1 17 0
2 4 9
2 19 0
1 22 0
1 22 0
1 22 0
1 22 0
1 22 0
1 22 0
1 22 0
1 22 0
2 33 9
1 22 0
2 15 0
1 22 0
1 22 0
1 22 0
1 22 0
1 22 0
1 22 0
1 22 0
2 20 9
1 17 0
2 9 0
1 17 0
1 17 0
1 17 0
1 17 0
1 17 0
1 17 0
1 17 0
2 11 9
2 19 0
1 21 0
1 21 0
1 21 0
1 21 0
1 21 0
1 21 0
1 21 0
1 21 0
0 35 0
0 38 0
0 36 0
0 47 0
0 15 0
0 40 0
34
2 35 4
0 14 0
0 25 0
1 29 0
0 22 0
0 27 0
1 7 0
1 1 0
0 50 0
2 13 0
0 32 0
0 8 0
0 39 0
1 29 0
0 0 1
2 42 0
0 45 0
1 34 0
1 46 0
0 21 0
0 1 0
1 42 0
0 20 1
2 12 1
1 12 0
2 35 0
0 10 3
2 19 2
1 13 0
2 1 0
2 24 1
2 47 0
1 46 0
1 24 0
46
2 10 0
0 2 1
1 50 0
2 30 0
1 7 0
2 28 0
2 45 0
2 9 0
0 23 0
1 38 0
2 38 0
1 1 0
1 6 0
2 19 0
2 48 2
0 18 1
0 46 0
0 50 0
2 49 0
2 9 0
2 5 2
1 35 0
0 3 0
1 30 0
2 5 0
0 30 0
2 5 1
0 3 0
0 37 1
2 50 0
2 45 0
0 31 0
1 5 0
2 49 1
1 3 1
1 37 0
1 48 0
1 41 0
1 42 1
0 8 0
2 24 0
1 26 0
2 5 0
1 42 0
1 17 0
0 33 2
1
2 23 10
69
2 15 0
1 17 0
1 17 0
1 17 0
1 17 0
1 17 0
1 17 0
1 17 0
1 17 0
1 17 0
2 46 10
2 15 0
1 17 0
1 17 0
1 17 0
1 17 0
1 17 0
1 17 0
1 17 0
1 17 0
1 17 0
2 2 10
2 7 0
1 12 0
1 12 0
1 12 0
1 12 0
1 12 0
1 12 0
1 12 0
1 12 0
1 12 0
2 50 10
1 12 0
2 11 0
1 12 0
1 12 0
1 12 0
1 12 0
1 12 0
1 12 0
1 12 0
1 12 0
2 45 10
1 11 0
2 10 0
1 11 0
1 11 0
1 11 0
1 11 0
1 11 0
1 11 0
1 11 0
1 11 0
2 9 10
2 14 0
1 15 0
1 15 0
1 15 0
1 15 0
1 15 0
1 15 0
1 15 0
1 15 0
1 15 0
0 23 0
0 12 0
0 23 0
0 45 0
1
2 50 50
79
2 50 0
1 50 0
2 50 0
0 50 0
1 50 0
1 50 0
0 50 0
0 50 0
2 50 0
0 50 0
1 50 0
0 50 0
1 50 0
0 50 0
1 50 0
2 50 0
0 50 0
0 50 0
1 50 0
1 50 0
1 50 0
0 50 0
0 50 0
0 50 0
1 50 0
2 50 0
2 50 0
0 50 0
1 50 0
1 50 0
0 50 0
1 50 0
2 50 0
2 50 0
0 50 0
2 50 0
2 50 0
2 50 0
2 50 0
0 50 0
2 50 0
0 50 0
0 50 0
0 50 0
2 50 0
1 50 0
1 50 0
1 50 0
0 50 0
1 50 0
0 50 0
0 50 0
1 50 0
0 50 0
1 50 0
2 50 0
0 50 0
1 50 0
2 50 0
2 50 0
0 50 0
2 50 0
0 50 0
2 50 0
1 50 0
1 50 0
0 50 0
2 50 0
2 50 0
1 50 0
2 50 0
2 50 0
1 50 0
0 50 0
1 50 0
0 50 0
0 50 0
1 50 0
1 50 0
1
2 47 3
65
1 8 0
2 7 0
1 8 0
2 30 3
2 19 0
1 26 0
1 26 0
2 21 3
2 18 0
1 19 0
1 19 0
2 10 3
2 15 0
1 21 0
1 21 0
2 8 3
1 8 0
2 7 0
1 8 0
2 24 3
1 19 0
2 12 0
1 19 0
2 40 3
1 20 0
2 18 0
1 20 0
2 3 3
2 14 0
1 16 0
1 16 0
2 13 3
2 18 0
1 19 0
1 19 0
2 3 3
2 12 0
1 14 0
1 14 0
2 41 3
1 19 0
2 18 0
1 19 0
2 0 3
2 21 0
1 28 0
1 28 0
2 18 3
1 16 0
2 14 0
1 16 0
2 49 3
2 19 0
1 29 0
1 29 0
2 45 3
1 50 0
2 29 0
1 50 0
2 32 3
2 30 0
1 34 0
1 34 0
0 24 0
0 17 0
1
2 38 23
73
1 2 0
2 1 0
1 2 0
1 2 0
1 2 0
1 2 0
1 2 0
1 2 0
1 2 0
1 2 0
1 2 0
1 2 0
1 2 0
1 2 0
1 2 0
1 2 0
1 2 0
1 2 0
1 2 0
1 2 0
1 2 0
1 2 0
1 2 0
2 44 23
2 20 0
1 22 0
1 22 0
1 22 0
1 22 0
1 22 0
1 22 0
1 22 0
1 22 0
1 22 0
1 22 0
1 22 0
1 22 0
1 22 0
1 22 0
1 22 0
1 22 0
1 22 0
1 22 0
1 22 0
1 22 0
1 22 0
1 22 0
2 49 23
2 4 0
1 5 0
1 5 0
1 5 0
1 5 0
1 5 0
1 5 0
1 5 0
1 5 0
1 5 0
1 5 0
1 5 0
1 5 0
1 5 0
1 5 0
1 5 0
1 5 0
1 5 0
1 5 0
1 5 0
1 5 0
1 5 0
1 5 0
0 36 0
0 38 0
1
2 47 9
71
1 26 0
2 15 0
1 26 0
1 26 0
1 26 0
1 26 0
1 26 0
1 26 0
1 26 0
2 11 9
2 5 0
1 6 0
1 6 0
1 6 0
1 6 0
1 6 0
1 6 0
1 6 0
1 6 0
2 49 9
1 22 0
2 20 0
1 22 0
1 22 0
1 22 0
1 22 0
1 22 0
1 22 0
1 22 0
2 47 9
2 15 0
1 16 0
1 16 0
1 16 0
1 16 0
1 16 0
1 16 0
1 16 0
1 16 0
2 48 9
2 10 0
1 19 0
1 19 0
1 19 0
1 19 0
1 19 0
1 19 0
1 19 0
1 19 0
2 33 9
1 26 0
2 13 0
1 26 0
1 26 0
1 26 0
1 26 0
1 26 0
1 26 0
1 26 0
2 10 9
1 21 0
2 19 0
1 21 0
1 21 0
1 21 0
1 21 0
1 21 0
1 21 0
1 21 0
0 33 0
0 16 0
1
2 23 6
74
2 5 0
1 7 0
1 7 0
1 7 0
1 7 0
1 7 0
2 15 6
2 5 0
1 9 0
1 9 0
1 9 0
1 9 0
1 9 0
2 23 6
1 13 0
2 11 0
1 13 0
1 13 0
1 13 0
1 13 0
2 0 6
2 7 0
1 8 0
1 8 0
1 8 0
1 8 0
1 8 0
2 34 6
1 27 0
2 24 0
1 27 0
1 27 0
1 27 0
1 27 0
2 0 6
1 15 0
2 11 0
1 15 0
1 15 0
1 15 0
1 15 0
2 48 6
2 15 0
1 23 0
1 23 0
1 23 0
1 23 0
1 23 0
2 33 6
1 30 0
2 25 0
1 30 0
1 30 0
1 30 0
1 30 0
2 39 6
1 37 0
2 22 0
1 37 0
1 37 0
1 37 0
1 37 0
2 50 6
1 29 0
2 28 0
1 29 0
1 29 0
1 29 0
1 29 0
0 18 0
0 30 0
0 15 0
0 49 0
0 43 0
34
1 3 0
2 2 0
1 31 0
0 36 4
2 4 0
1 43 0
2 15 0
1 8 0
2 32 0
0 26 0
1 13 1
2 28 0
1 14 1
1 12 0
1 37 0
2 23 0
0 38 1
2 11 0
2 6 0
1 17 2
1 26 0
1 29 0
2 42 0
2 43 0
2 29 0
2 16 0
1 4 0
2 13 0
2 21 2
0 16 0
0 8 0
1 12 0
2 22 0
0 33 0
46
0 39 2
2 16 0
0 15 0
1 47 0
1 19 0
0 44 0
2 13 0
0 3 0
1 38 0
0 19 0
0 33 0
2 46 0
1 28 0
1 33 1
2 36 0
1 41 0
2 48 3
1 28 0
0 37 0
0 37 1
2 35 0
0 50 2
0 38 0
0 19 0
1 16 0
1 47 0
1 26 2
1 38 0
0 14 0
2 26 0
0 46 0
0 7 0
1 45 0
0 5 0
0 14 1
0 15 0
2 49 0
2 16 0
0 31 0
0 11 1
0 37 0
0 5 1
0 12 0
1 47 0
2 11 0
0 45 0
22
0 20 8
0 27 0
2 46 0
1 2 4
1 26 0
2 10 1
0 0 2
2 0 0
0 47 1
2 20 12
0 45 0
1 28 0
2 45 0
1 17 0
0 12 0
1 18 0
1 24 0
2 48 0
1 14 4
2 7 0
2 15 0
0 49 0
58
1 17 0
1 6 1
1 28 0
2 14 0
0 8 0
0 14 2
1 40 0
0 38 0
2 45 2
1 22 0
1 16 0
2 10 1
2 41 0
2 23 7
0 9 0
2 38 0
1 32 1
1 42 2
2 41 0
0 7 0
0 29 3
1 40 0
0 38 0
0 47 0
1 48 4
2 30 3
2 34 0
2 1 2
0 15 0
2 1 0
0 3 0
1 9 0
0 10 0
1 26 1
1 44 0
0 35 0
0 9 0
0 15 0
1 4 0
1 14 0
1 6 0
1 26 2
0 10 1
1 41 1
1 11 4
2 46 2
1 33 0
1 33 1
0 15 0
0 29 0
1 38 0
0 23 0
1 18 0
1 14 0
0 31 3
0 8 0
2 40 0
1 16 0
1
2 16 36
78
2 15 0
1 22 0
1 22 0
1 22 0
1 22 0
1 22 0
1 22 0
1 22 0
1 22 0
1 22 0
1 22 0
1 22 0
1 22 0
1 22 0
1 22 0
1 22 0
1 22 0
1 22 0
1 22 0
1 22 0
1 22 0
1 22 0
1 22 0
1 22 0
1 22 0
1 22 0
1 22 0
1 22 0
1 22 0
1 22 0
1 22 0
1 22 0
1 22 0
1 22 0
1 22 0
1 22 0
2 26 36
2 14 0
1 22 0
1 22 0
1 22 0
1 22 0
1 22 0
1 22 0
1 22 0
1 22 0
1 22 0
1 22 0
1 22 0
1 22 0
1 22 0
1 22 0
1 22 0
1 22 0
1 22 0
1 22 0
1 22 0
1 22 0
1 22 0
1 22 0
1 22 0
1 22 0
1 22 0
1 22 0
1 22 0
1 22 0
1 22 0
1 22 0
1 22 0
1 22 0
1 22 0
1 22 0
1 22 0
0 23 0
0 43 0
0 45 0
0 46 0
0 35 0
1
2 41 28
59
2 17 0
1 26 0
1 26 0
1 26 0
1 26 0
1 26 0
1 26 0
1 26 0
1 26 0
1 26 0
1 26 0
1 26 0
1 26 0
1 26 0
1 26 0
1 26 0
1 26 0
1 26 0
1 26 0
1 26 0
1 26 0
1 26 0
1 26 0
1 26 0
1 26 0
1 26 0
1 26 0
1 26 0
2 10 28
1 18 0
2 17 0
1 18 0
1 18 0
1 18 0
1 18 0
1 18 0
1 18 0
1 18 0
1 18 0
1 18 0
1 18 0
1 18 0
1 18 0
1 18 0
1 18 0
1 18 0
1 18 0
1 18 0
1 18 0
1 18 0
1 18 0
1 18 0
1 18 0
1 18 0
1 18 0
1 18 0
1 18 0
0 16 0
0 50 0
46
0 30 0
0 2 0
0 21 0
0 8 0
1 2 0
0 1 0
0 31 0
0 2 2
0 23 0
1 2 0
1 42 0
2 1 1
0 11 0
0 25 0
1 9 0
2 19 1
1 42 0
2 33 0
1 27 1
1 47 0
0 35 1
1 32 2
2 26 0
1 18 0
0 6 0
0 4 0
2 42 0
2 23 0
2 9 1
0 40 0
2 15 0
1 32 0
2 2 0
0 38 1
1 11 1
2 43 0
2 9 0
0 19 1
1 3 0
2 10 0
0 42 0
1 35 0
1 45 0
2 43 1
1 36 0
2 31 0
34
0 50 0
0 17 1
2 42 0
0 42 0
0 48 0
0 11 0
1 33 0
0 0 0
1 48 0
1 46 0
1 25 0
2 9 2
1 25 0
0 31 0
0 19 0
2 13 0
0 19 1
1 25 0
0 10 0
2 9 1
2 22 0
0 25 0
0 46 0
2 15 0
2 33 0
2 10 1
0 30 0
1 30 0
0 5 1
1 50 1
1 6 0
2 50 1
0 2 0
2 17 0
1
2 6 5
72
1 6 0
2 4 0
1 6 0
1 6 0
1 6 0
2 27 5
2 4 0
1 5 0
1 5 0
1 5 0
1 5 0
2 35 5
2 16 0
1 18 0
1 18 0
1 18 0
1 18 0
2 17 5
1 15 0
2 11 0
1 15 0
1 15 0
1 15 0
2 41 5
1 8 0
2 6 0
1 8 0
1 8 0
1 8 0
2 34 5
2 24 0
1 26 0
1 26 0
1 26 0
1 26 0
2 1 5
1 8 0
2 7 0
1 8 0
1 8 0
1 8 0
2 47 5
2 11 0
1 12 0
1 12 0
1 12 0
1 12 0
2 28 5
2 11 0
1 12 0
1 12 0
1 12 0
1 12 0
2 1 5
1 17 0
2 11 0
1 17 0
1 17 0
1 17 0
2 40 5
2 20 0
1 26 0
1 26 0
1 26 0
1 26 0
0 46 0
0 44 0
0 37 0
0 22 0
0 15 0
0 13 0
0 13 0
3
1 32 0
2 44 3
2 20 0
77
1 38 0
0 42 0
2 27 0
2 50 0
0 41 0
1 33 0
2 12 1
2 20 5
0 39 2
2 3 0
1 28 2
2 27 9
2 36 0
1 21 1
2 25 1
1 12 2
1 17 0
1 25 1
2 36 0
1 15 0
1 50 3
1 7 4
0 15 2
1 16 0
2 40 3
0 32 0
2 10 3
1 4 0
2 5 0
0 19 3
0 27 0
0 48 5
1 42 1
0 7 11
1 21 0
2 35 2
1 28 0
1 14 0
0 46 11
2 8 0
1 45 1
1 22 1
1 24 1
0 40 0
1 39 1
1 7 0
0 27 0
1 23 1
0 36 4
1 43 1
0 21 0
2 34 0
2 10 0
0 7 0
0 20 4
2 16 7
2 13 3
0 46 0
2 0 0
0 47 1
1 25 0
0 27 0
1 41 0
1 44 0
0 42 1
0 38 0
1 4 9
1 32 0
1 19 1
0 44 0
0 7 5
0 12 0
1 42 1
0 16 0
0 25 0
2 22 0
0 14 3
1
2 26 50
79
2 13 0
1 14 0
1 14 0
1 14 0
1 14 0
1 14 0
1 14 0
1 14 0
1 14 0
1 14 0
1 14 0
1 14 0
1 14 0
1 14 0
1 14 0
1 14 0
1 14 0
1 14 0
1 14 0
1 14 0
1 14 0
1 14 0
1 14 0
1 14 0
1 14 0
1 14 0
1 14 0
1 14 0
1 14 0
1 14 0
1 14 0
1 14 0
1 14 0
1 14 0
1 14 0
1 14 0
1 14 0
1 14 0
1 14 0
1 14 0
1 14 0
1 14 0
1 14 0
1 14 0
1 14 0
1 14 0
1 14 0
1 14 0
1 14 0
1 14 0
1 14 0
1 14 0
1 14 0
1 14 0
1 14 0
1 14 0
1 14 0
1 14 0
1 14 0
1 14 0
1 14 0
1 14 0
1 14 0
1 14 0
1 14 0
1 14 0
1 14 0
1 14 0
1 14 0
1 14 0
1 14 0
1 14 0
0 42 0
0 41 0
0 15 0
0 17 0
0 49 0
0 43 0
0 10 0
1
2 9 27
61
1 27 0
2 18 0
1 27 0
1 27 0
1 27 0
1 27 0
1 27 0
1 27 0
1 27 0
1 27 0
1 27 0
1 27 0
1 27 0
1 27 0
1 27 0
1 27 0
1 27 0
1 27 0
1 27 0
1 27 0
1 27 0
1 27 0
1 27 0
1 27 0
1 27 0
1 27 0
1 27 0
2 28 27
1 19 0
2 10 0
1 19 0
1 19 0
1 19 0
1 19 0
1 19 0
1 19 0
1 19 0
1 19 0
1 19 0
1 19 0
1 19 0
1 19 0
1 19 0
1 19 0
1 19 0
1 19 0
1 19 0
1 19 0
1 19 0
1 19 0
1 19 0
1 19 0
1 19 0
1 19 0
1 19 0
0 18 0
0 29 0
0 21 0
0 36 0
0 21 0
0 48 0
1
2 8 4
74
1 14 0
2 10 0
1 14 0
1 14 0
2 38 4
2 18 0
1 19 0
1 19 0
1 19 0
2 34 4
2 12 0
1 20 0
1 20 0
1 20 0
2 25 4
1 26 0
2 18 0
1 26 0
1 26 0
2 48 4
2 15 0
1 16 0
1 16 0
1 16 0
2 46 4
2 16 0
1 21 0
1 21 0
1 21 0
2 39 4
2 25 0
1 27 0
1 27 0
1 27 0
2 34 4
1 12 0
2 11 0
1 12 0
1 12 0
2 44 4
1 36 0
2 27 0
1 36 0
1 36 0
2 0 4
2 18 0
1 34 0
1 34 0
1 34 0
2 0 4
2 23 0
1 34 0
1 34 0
1 34 0
2 8 4
1 28 0
2 25 0
1 28 0
1 28 0
2 48 4
2 15 0
1 17 0
1 17 0
1 17 0
2 7 4
2 27 0
1 31 0
1 31 0
1 31 0
0 43 0
0 47 0
0 43 0
0 40 0
0 10 0
10
0 50 50
1 50 50
0 50 50
0 50 50
2 50 50
1 50 50
0 50 50
2 50 50
0 50 50
1 50 50
70
2 50 0
0 50 0
2 50 0
2 50 0
0 50 0
0 50 0
2 50 0
2 50 0
1 50 0
2 50 0
0 50 0
0 50 0
1 50 0
1 50 0
0 50 0
1 50 0
2 50 0
1 50 0
0 50 0
0 50 0
1 50 0
0 50 0
2 50 0
2 50 0
1 50 0
1 50 0
1 50 0
2 50 0
0 50 0
1 50 0
2 50 0
2 50 0
0 50 0
1 50 0
2 50 0
1 50 0
0 50 0
1 50 0
2 50 0
2 50 0
1 50 0
1 50 0
0 50 0
1 50 0
0 50 0
1 50 0
0 50 0
0 50 0
2 50 0
2 50 0
1 50 0
1 50 0
1 50 0
1 50 0
0 50 0
1 50 0
1 50 0
0 50 0
0 50 0
0 50 0
0 50 0
0 50 0
1 50 0
0 50 0
0 50 0
1 50 0
0 50 0
0 50 0
2 50 0
2 50 0
1
2 25 7
78
1 5 0
2 3 0
1 5 0
1 5 0
1 5 0
1 5 0
1 5 0
2 28 7
2 2 0
1 4 0
1 4 0
1 4 0
1 4 0
1 4 0
1 4 0
2 0 7
2 7 0
1 8 0
1 8 0
1 8 0
1 8 0
1 8 0
1 8 0
2 17 7
1 22 0
2 16 0
1 22 0
1 22 0
1 22 0
1 22 0
1 22 0
2 18 7
2 19 0
1 23 0
1 23 0
1 23 0
1 23 0
1 23 0
1 23 0
2 16 7
1 8 0
2 6 0
1 8 0
1 8 0
1 8 0
1 8 0
1 8 0
2 40 7
1 19 0
2 18 0
1 19 0
1 19 0
1 19 0
1 19 0
1 19 0
2 41 7
1 13 0
2 8 0
1 13 0
1 13 0
1 13 0
1 13 0
1 13 0
2 22 7
1 13 0
2 11 0
1 13 0
1 13 0
1 13 0
1 13 0
1 13 0
0 36 0
0 39 0
0 26 0
0 27 0
0 35 0
0 17 0
0 43 0
1
2 14 12
68
1 15 0
2 11 0
1 15 0
1 15 0
1 15 0
1 15 0
1 15 0
1 15 0
1 15 0
1 15 0
1 15 0
1 15 0
2 26 12
2 8 0
1 10 0
1 10 0
1 10 0
1 10 0
1 10 0
1 10 0
1 10 0
1 10 0
1 10 0
1 10 0
1 10 0
2 38 12
2 14 0
1 23 0
1 23 0
1 23 0
1 23 0
1 23 0
1 23 0
1 23 0
1 23 0
1 23 0
1 23 0
1 23 0
2 46 12
1 22 0
2 16 0
1 22 0
1 22 0
1 22 0
1 22 0
1 22 0
1 22 0
1 22 0
1 22 0
1 22 0
1 22 0
2 39 12
1 16 0
2 11 0
1 16 0
1 16 0
1 16 0
1 16 0
1 16 0
1 16 0
1 16 0
1 16 0
1 16 0
1 16 0
0 46 0
0 40 0
0 29 0
0 25 0
1
2 23 34
79
1 23 0
2 14 0
1 23 0
1 23 0
1 23 0
1 23 0
1 23 0
1 23 0
1 23 0
1 23 0
1 23 0
1 23 0
1 23 0
1 23 0
1 23 0
1 23 0
1 23 0
1 23 0
1 23 0
1 23 0
1 23 0
1 23 0
1 23 0
1 23 0
1 23 0
1 23 0
1 23 0
1 23 0
1 23 0
1 23 0
1 23 0
1 23 0
1 23 0
1 23 0
2 10 34
1 18 0
2 17 0
1 18 0
1 18 0
1 18 0
1 18 0
1 18 0
1 18 0
1 18 0
1 18 0
1 18 0
1 18 0
1 18 0
1 18 0
1 18 0
1 18 0
1 18 0
1 18 0
1 18 0
1 18 0
1 18 0
1 18 0
1 18 0
1 18 0
1 18 0
1 18 0
1 18 0
1 18 0
1 18 0
1 18 0
1 18 0
1 18 0
1 18 0
1 18 0
0 20 0
0 50 0
0 17 0
0 34 0
0 44 0
0 25 0
0 14 0
0 15 0
0 41 0
0 16 0
1
2 0 3
71
2 1 0
1 2 0
1 2 0
2 41 3
2 8 0
1 13 0
1 13 0
2 30 3
2 14 0
1 15 0
1 15 0
2 40 3
1 14 0
2 12 0
1 14 0
2 36 3
2 16 0
1 17 0
1 17 0
2 25 3
2 9 0
1 12 0
1 12 0
2 21 3
1 33 0
2 24 0
1 33 0
2 31 3
2 14 0
1 16 0
1 16 0
2 32 3
2 17 0
1 26 0
1 26 0
2 40 3
1 31 0
2 18 0
1 31 0
2 24 3
2 14 0
1 22 0
1 22 0
2 2 3
1 20 0
2 16 0
1 20 0
2 42 3
1 30 0
2 19 0
1 30 0
2 18 3
1 33 0
2 26 0
1 33 0
2 15 3
2 29 0
1 38 0
1 38 0
2 20 3
2 17 0
1 21 0
1 21 0
0 21 0
0 39 0
0 20 0
0 45 0
0 44 0
0 45 0
0 16 0
0 48 0
5
2 12 1
2 27 0
1 42 0
1 50 4
0 35 0
75
1 31 1
1 45 0
1 28 2
2 22 0
2 18 1
1 16 4
1 33 0
0 45 0
1 5 0
0 7 0
1 27 1
1 26 0
2 19 1
1 8 0
1 44 0
1 9 0
1 48 1
2 43 4
0 37 1
1 14 0
1 12 0
2 24 0
0 7 1
2 43 1
1 39 1
1 4 0
1 42 2
1 21 0
0 9 0
1 47 0
0 24 0
1 16 0
2 21 0
2 24 3
1 16 1
1 40 0
0 13 0
0 42 0
2 1 8
1 49 6
0 42 11
0 39 0
2 37 7
2 43 0
0 15 0
0 45 4
1 7 1
1 11 0
0 8 2
2 8 1
1 30 1
1 9 0
2 11 4
1 43 0
1 45 0
2 2 1
1 47 0
2 32 0
0 2 1
2 18 2
2 15 0
1 38 2
0 22 0
2 15 0
2 13 1
2 41 9
1 18 1
0 29 1
1 43 0
2 3 0
0 22 0
0 35 4
2 33 0
2 0 0
0 42 0
1
2 44 17
78
1 23 0
2 15 0
1 23 0
1 23 0
1 23 0
1 23 0
1 23 0
1 23 0
1 23 0
1 23 0
1 23 0
1 23 0
1 23 0
1 23 0
1 23 0
1 23 0
1 23 0
2 48 17
1 27 0
2 19 0
1 27 0
1 27 0
1 27 0
1 27 0
1 27 0
1 27 0
1 27 0
1 27 0
1 27 0
1 27 0
1 27 0
1 27 0
1 27 0
1 27 0
1 27 0
2 18 17
2 16 0
1 24 0
1 24 0
1 24 0
1 24 0
1 24 0
1 24 0
1 24 0
1 24 0
1 24 0
1 24 0
1 24 0
1 24 0
1 24 0
1 24 0
1 24 0
1 24 0
2 10 17
2 11 0
1 16 0
1 16 0
1 16 0
1 16 0
1 16 0
1 16 0
1 16 0
1 16 0
1 16 0
1 16 0
1 16 0
1 16 0
1 16 0
1 16 0
1 16 0
1 16 0
0 18 0
0 24 0
0 42 0
0 22 0
0 49 0
0 37 0
0 48 0
1
2 7 22
79
2 8 0
1 9 0
1 9 0
1 9 0
1 9 0
1 9 0
1 9 0
1 9 0
1 9 0
1 9 0
1 9 0
1 9 0
1 9 0
1 9 0
1 9 0
1 9 0
1 9 0
1 9 0
1 9 0
1 9 0
1 9 0
1 9 0
2 30 22
2 9 0
1 10 0
1 10 0
1 10 0
1 10 0
1 10 0
1 10 0
1 10 0
1 10 0
1 10 0
1 10 0
1 10 0
1 10 0
1 10 0
1 10 0
1 10 0
1 10 0
1 10 0
1 10 0
1 10 0
1 10 0
1 10 0
2 0 22
2 5 0
1 9 0
1 9 0
1 9 0
1 9 0
1 9 0
1 9 0
1 9 0
1 9 0
1 9 0
1 9 0
1 9 0
1 9 0
1 9 0
1 9 0
1 9 0
1 9 0
1 9 0
1 9 0
1 9 0
1 9 0
1 9 0
0 33 0
0 50 0
0 30 0
0 45 0
0 37 0
0 44 0
0 46 0
0 21 0
0 41 0
0 33 0
0 13 0
1
2 50 8
74
2 4 0
1 7 0
1 7 0
1 7 0
1 7 0
1 7 0
1 7 0
1 7 0
2 8 8
1 34 0
2 19 0
1 34 0
1 34 0
1 34 0
1 34 0
1 34 0
1 34 0
2 37 8
1 7 0
2 4 0
1 7 0
1 7 0
1 7 0
1 7 0
1 7 0
1 7 0
2 6 8
1 10 0
2 9 0
1 10 0
1 10 0
1 10 0
1 10 0
1 10 0
1 10 0
2 9 8
1 27 0
2 22 0
1 27 0
1 27 0
1 27 0
1 27 0
1 27 0
1 27 0
2 1 8
1 19 0
2 15 0
1 19 0
1 19 0
1 19 0
1 19 0
1 19 0
1 19 0
2 44 8
1 34 0
2 21 0
1 34 0
1 34 0
1 34 0
1 34 0
1 34 0
1 34 0
2 16 8
2 23 0
1 25 0
1 25 0
1 25 0
1 25 0
1 25 0
1 25 0
1 25 0
0 23 0
0 21 0
0 47 0
1
2 25 50
79
1 10 0
2 8 0
1 10 0
1 10 0
1 10 0
1 10 0
1 10 0
1 10 0
1 10 0
1 10 0
1 10 0
1 10 0
1 10 0
1 10 0
1 10 0
1 10 0
1 10 0
1 10 0
1 10 0
1 10 0
1 10 0
1 10 0
1 10 0
1 10 0
1 10 0
1 10 0
1 10 0
1 10 0
1 10 0
1 10 0
1 10 0
1 10 0
1 10 0
1 10 0
1 10 0
1 10 0
1 10 0
1 10 0
1 10 0
1 10 0
1 10 0
1 10 0
1 10 0
1 10 0
1 10 0
1 10 0
1 10 0
1 10 0
1 10 0
1 10 0
1 10 0
1 10 0
1 10 0
1 10 0
1 10 0
1 10 0
1 10 0
1 10 0
1 10 0
1 10 0
1 10 0
1 10 0
1 10 0
1 10 0
1 10 0
1 10 0
1 10 0
1 10 0
1 10 0
1 10 0
1 10 0
1 10 0
1 10 0
0 46 0
0 28 0
0 48 0
0 49 0
0 45 0
0 12 0
1
2 37 3
66
1 9 0
2 8 0
1 9 0
2 27 3
2 15 0
1 29 0
1 29 0
2 15 3
2 13 0
1 15 0
1 15 0
2 44 3
2 15 0
1 19 0
1 19 0
2 23 3
1 23 0
2 18 0
1 23 0
2 36 3
1 18 0
2 15 0
1 18 0
2 27 3
2 25 0
1 32 0
1 32 0
2 24 3
1 28 0
2 20 0
1 28 0
2 4 3
2 12 0
1 16 0
1 16 0
2 2 3
1 22 0
2 21 0
1 22 0
2 37 3
1 14 0
2 11 0
1 14 0
2 22 3
2 30 0
1 50 0
1 50 0
2 10 3
1 18 0
2 14 0
1 18 0
2 39 3
1 35 0
2 26 0
1 35 0
2 15 3
1 21 0
2 15 0
1 21 0
0 26 0
0 40 0
0 35 0
0 32 0
0 18 0
0 13 0
0 36 0
49
0 20 0
0 2 0
0 26 0
2 9 0
1 13 0
1 26 1
1 42 0
0 12 0
2 26 2
1 21 0
1 26 1
1 16 0
0 22 0
0 21 3
2 20 0
0 45 0
0 1 0
2 34 0
1 33 0
0 6 0
1 5 0
2 0 0
2 4 0
0 36 0
1 39 0
2 13 1
0 5 2
2 45 0
2 22 0
2 38 0
1 23 0
0 9 0
0 41 0
1 10 0
2 32 1
1 31 0
1 7 0
0 29 1
2 47 0
1 41 1
1 22 1
0 36 0
0 43 0
1 39 0
0 40 0
2 20 0
1 21 0
0 27 2
1 4 0
31
0 41 1
0 24 0
1 22 0
2 12 0
2 29 0
0 44 1
1 9 0
0 7 0
2 13 0
0 13 0
1 23 0
1 3 0
2 15 0
0 8 0
1 15 0
2 40 0
0 11 1
2 39 0
1 48 1
2 41 0
1 26 0
0 25 0
1 40 0
1 4 0
0 38 0
0 12 0
1 28 1
1 11 0
0 41 1
1 12 0
0 2 0
8
2 13 0
1 40 2
0 7 0
1 9 0
2 41 0
2 38 0
2 18 1
2 43 2
72
1 44 0
0 13 0
0 34 0
1 44 0
2 50 2
1 17 0
2 49 1
2 29 0
0 5 0
0 41 0
2 2 0
0 25 0
2 6 0
1 50 0
2 12 0
2 36 0
0 25 1
1 36 0
1 43 0
1 37 1
2 12 1
2 9 0
0 36 1
1 38 0
0 3 0
1 29 1
2 12 3
1 50 0
2 18 0
2 23 3
0 27 0
0 20 0
0 14 0
0 36 0
2 40 0
0 41 2
1 5 0
1 9 0
2 23 0
2 21 0
1 19 0
2 36 0
2 8 0
0 7 0
2 6 1
2 25 2
1 22 0
0 40 1
0 44 0
1 48 1
0 3 0
0 8 0
2 12 0
1 8 1
1 2 1
0 43 0
2 50 0
0 30 1
1 0 0
2 1 4
1 23 1
2 15 1
0 14 0
2 30 0
2 16 0
1 35 0
1 20 0
0 6 0
0 12 0
1 38 1
2 2 0
2 23 3
1
2 48 4
79
2 6 0
1 11 0
1 11 0
1 11 0
2 40 4
1 32 0
2 17 0
1 32 0
1 32 0
2 32 4
2 9 0
1 17 0
1 17 0
1 17 0
2 17 4
2 15 0
1 21 0
1 21 0
1 21 0
2 38 4
2 18 0
1 20 0
1 20 0
1 20 0
2 12 4
1 12 0
2 11 0
1 12 0
1 12 0
2 33 4
1 17 0
2 12 0
1 17 0
1 17 0
2 6 4
1 19 0
2 17 0
1 19 0
1 19 0
2 46 4
1 16 0
2 10 0
1 16 0
1 16 0
2 5 4
2 13 0
1 16 0
1 16 0
1 16 0
2 48 4
2 17 0
1 22 0
1 22 0
1 22 0
2 30 4
2 25 0
1 30 0
1 30 0
1 30 0
2 33 4
2 22 0
1 29 0
1 29 0
1 29 0
2 35 4
2 30 0
1 50 0
1 50 0
1 50 0
0 33 0
0 46 0
0 20 0
0 33 0
0 43 0
0 18 0
0 33 0
0 21 0
0 17 0
0 10 0
1
2 35 29
78
1 10 0
2 6 0
1 10 0
1 10 0
1 10 0
1 10 0
1 10 0
1 10 0
1 10 0
1 10 0
1 10 0
1 10 0
1 10 0
1 10 0
1 10 0
1 10 0
1 10 0
1 10 0
1 10 0
1 10 0
1 10 0
1 10 0
1 10 0
1 10 0
1 10 0
1 10 0
1 10 0
1 10 0
1 10 0
2 14 29
2 9 0
1 14 0
1 14 0
1 14 0
1 14 0
1 14 0
1 14 0
1 14 0
1 14 0
1 14 0
1 14 0
1 14 0
1 14 0
1 14 0
1 14 0
1 14 0
1 14 0
1 14 0
1 14 0
1 14 0
1 14 0
1 14 0
1 14 0
1 14 0
1 14 0
1 14 0
1 14 0
1 14 0
1 14 0
0 11 0
0 32 0
0 26 0
0 48 0
0 41 0
0 12 0
0 29 0
0 46 0
0 17 0
0 13 0
0 26 0
0 14 0
0 44 0
0 19 0
0 46 0
0 11 0
0 42 0
0 50 0
0 18 0
1
2 32 3
65
2 11 0
1 17 0
1 17 0
2 19 3
1 6 0
2 5 0
1 6 0
2 34 3
2 7 0
1 11 0
1 11 0
2 14 3
2 9 0
1 10 0
1 10 0
2 23 3
1 14 0
2 12 0
1 14 0
2 9 3
1 22 0
2 21 0
1 22 0
2 21 3
1 22 0
2 14 0
1 22 0
2 12 3
2 19 0
1 20 0
1 20 0
2 11 3
2 19 0
1 27 0
1 27 0
2 15 3
2 18 0
1 20 0
1 20 0
2 1 3
1 45 0
2 29 0
1 45 0
2 17 3
2 28 0
1 29 0
1 29 0
2 36 3
2 29 0
1 43 0
1 43 0
2 31 3
2 24 0
1 29 0
1 29 0
2 18 3
2 28 0
1 46 0
1 46 0
0 13 0
0 18 0
0 30 0
0 29 0
0 40 0
0 22 0
1
2 26 21
71
1 18 0
2 16 0
1 18 0
1 18 0
1 18 0
1 18 0
1 18 0
1 18 0
1 18 0
1 18 0
1 18 0
1 18 0
1 18 0
1 18 0
1 18 0
1 18 0
1 18 0
1 18 0
1 18 0
1 18 0
1 18 0
2 38 21
2 13 0
1 22 0
1 22 0
1 22 0
1 22 0
1 22 0
1 22 0
1 22 0
1 22 0
1 22 0
1 22 0
1 22 0
1 22 0
1 22 0
1 22 0
1 22 0
1 22 0
1 22 0
1 22 0
1 22 0
1 22 0
2 10 21
1 26 0
2 16 0
1 26 0
1 26 0
1 26 0
1 26 0
1 26 0
1 26 0
1 26 0
1 26 0
1 26 0
1 26 0
1 26 0
1 26 0
1 26 0
1 26 0
1 26 0
1 26 0
1 26 0
1 26 0
1 26 0
0 38 0
0 30 0
0 25 0
0 19 0
0 18 0
0 19 0
1
2 43 14
79
2 20 0
1 28 0
1 28 0
1 28 0
1 28 0
1 28 0
1 28 0
1 28 0
1 28 0
1 28 0
1 28 0
1 28 0
1 28 0
1 28 0
2 30 14
2 8 0
1 10 0
1 10 0
1 10 0
1 10 0
1 10 0
1 10 0
1 10 0
1 10 0
1 10 0
1 10 0
1 10 0
1 10 0
1 10 0
2 29 14
1 19 0
2 18 0
1 19 0
1 19 0
1 19 0
1 19 0
1 19 0
1 19 0
1 19 0
1 19 0
1 19 0
1 19 0
1 19 0
1 19 0
2 17 14
2 8 0
1 9 0
1 9 0
1 9 0
1 9 0
1 9 0
1 9 0
1 9 0
1 9 0
1 9 0
1 9 0
1 9 0
1 9 0
1 9 0
2 42 14
1 32 0
2 22 0
1 32 0
1 32 0
1 32 0
1 32 0
1 32 0
1 32 0
1 32 0
1 32 0
1 32 0
1 32 0
1 32 0
1 32 0
0 29 0
0 19 0
0 16 0
0 15 0
0 13 0
1
2 27 10
76
2 1 0
1 2 0
1 2 0
1 2 0
1 2 0
1 2 0
1 2 0
1 2 0
1 2 0
1 2 0
2 1 10
2 6 0
1 8 0
1 8 0
1 8 0
1 8 0
1 8 0
1 8 0
1 8 0
1 8 0
1 8 0
2 5 10
2 18 0
1 19 0
1 19 0
1 19 0
1 19 0
1 19 0
1 19 0
1 19 0
1 19 0
1 19 0
2 21 10
1 22 0
2 20 0
1 22 0
1 22 0
1 22 0
1 22 0
1 22 0
1 22 0
1 22 0
1 22 0
2 29 10
1 18 0
2 12 0
1 18 0
1 18 0
1 18 0
1 18 0
1 18 0
1 18 0
1 18 0
1 18 0
2 3 10
1 27 0
2 19 0
1 27 0
1 27 0
1 27 0
1 27 0
1 27 0
1 27 0
1 27 0
1 27 0
0 34 0
0 48 0
0 38 0
0 10 0
0 11 0
0 48 0
0 28 0
0 35 0
0 16 0
0 13 0
0 43 0
1
2 48 4
71
1 25 0
2 20 0
1 25 0
1 25 0
2 4 4
1 11 0
2 10 0
1 11 0
1 11 0
2 15 4
2 12 0
1 13 0
1 13 0
1 13 0
2 15 4
2 16 0
1 22 0
1 22 0
1 22 0
2 46 4
1 26 0
2 17 0
1 26 0
1 26 0
2 34 4
1 26 0
2 22 0
1 26 0
1 26 0
2 35 4
1 28 0
2 23 0
1 28 0
1 28 0
2 17 4
2 27 0
1 42 0
1 42 0
1 42 0
2 44 4
2 23 0
1 28 0
1 28 0
1 28 0
2 12 4
2 16 0
1 24 0
1 24 0
1 24 0
2 15 4
1 28 0
2 26 0
1 28 0
1 28 0
2 38 4
1 29 0
2 25 0
1 29 0
1 29 0
2 32 4
2 24 0
1 26 0
1 26 0
1 26 0
2 13 4
2 31 0
1 39 0
1 39 0
1 39 0
0 10 0
0 28 0
1
2 42 32
79
2 18 0
1 20 0
1 20 0
1 20 0
1 20 0
1 20 0
1 20 0
1 20 0
1 20 0
1 20 0
1 20 0
1 20 0
1 20 0
1 20 0
1 20 0
1 20 0
1 20 0
1 20 0
1 20 0
1 20 0
1 20 0
1 20 0
1 20 0
1 20 0
1 20 0
1 20 0
1 20 0
1 20 0
1 20 0
1 20 0
1 20 0
1 20 0
2 47 32
1 20 0
2 19 0
1 20 0
1 20 0
1 20 0
1 20 0
1 20 0
1 20 0
1 20 0
1 20 0
1 20 0
1 20 0
1 20 0
1 20 0
1 20 0
1 20 0
1 20 0
1 20 0
1 20 0
1 20 0
1 20 0
1 20 0
1 20 0
1 20 0
1 20 0
1 20 0
1 20 0
1 20 0
1 20 0
1 20 0
1 20 0
1 20 0
0 14 0
0 41 0
0 25 0
0 13 0
0 37 0
0 49 0
0 15 0
0 18 0
0 20 0
0 32 0
0 26 0
0 24 0
0 36 0
0 46 0
1
2 46 8
77
1 16 0
2 14 0
1 16 0
1 16 0
1 16 0
1 16 0
1 16 0
1 16 0
2 31 8
2 3 0
1 4 0
1 4 0
1 4 0
1 4 0
1 4 0
1 4 0
1 4 0
2 12 8
2 22 0
1 32 0
1 32 0
1 32 0
1 32 0
1 32 0
1 32 0
1 32 0
2 4 8
1 27 0
2 15 0
1 27 0
1 27 0
1 27 0
1 27 0
1 27 0
1 27 0
2 19 8
2 11 0
1 12 0
1 12 0
1 12 0
1 12 0
1 12 0
1 12 0
1 12 0
2 6 8
1 22 0
2 18 0
1 22 0
1 22 0
1 22 0
1 22 0
1 22 0
1 22 0
2 0 8
1 11 0
2 8 0
1 11 0
1 11 0
1 11 0
1 11 0
1 11 0
1 11 0
2 20 8
1 33 0
2 26 0
1 33 0
1 33 0
1 33 0
1 33 0
1 33 0
1 33 0
0 34 0
0 46 0
0 47 0
0 13 0
0 36 0
0 32 0
1
2 46 5
76
2 18 0
1 19 0
1 19 0
1 19 0
1 19 0
2 41 5
2 5 0
1 6 0
1 6 0
1 6 0
1 6 0
2 38 5
1 24 0
2 22 0
1 24 0
1 24 0
1 24 0
2 35 5
1 33 0
2 19 0
1 33 0
1 33 0
1 33 0
2 50 5
1 12 0
2 6 0
1 12 0
1 12 0
1 12 0
2 29 5
2 18 0
1 20 0
1 20 0
1 20 0
1 20 0
2 8 5
1 20 0
2 19 0
1 20 0
1 20 0
1 20 0
2 35 5
1 13 0
2 9 0
1 13 0
1 13 0
1 13 0
2 3 5
1 24 0
2 18 0
1 24 0
1 24 0
1 24 0
2 24 5
2 10 0
1 13 0
1 13 0
1 13 0
1 13 0
2 27 5
1 31 0
2 21 0
1 31 0
1 31 0
1 31 0
2 26 5
1 35 0
2 30 0
1 35 0
1 35 0
1 35 0
0 48 0
0 19 0
0 32 0
0 18 0
0 17 0
1
2 11 26
59
2 15 0
1 19 0
1 19 0
1 19 0
1 19 0
1 19 0
1 19 0
1 19 0
1 19 0
1 19 0
1 19 0
1 19 0
1 19 0
1 19 0
1 19 0
1 19 0
1 19 0
1 19 0
1 19 0
1 19 0
1 19 0
1 19 0
1 19 0
1 19 0
1 19 0
1 19 0
2 31 26
2 17 0
1 19 0
1 19 0
1 19 0
1 19 0
1 19 0
1 19 0
1 19 0
1 19 0
1 19 0
1 19 0
1 19 0
1 19 0
1 19 0
1 19 0
1 19 0
1 19 0
1 19 0
1 19 0
1 19 0
1 19 0
1 19 0
1 19 0
1 19 0
1 19 0
1 19 0
0 10 0
0 46 0
0 40 0
0 26 0
0 32 0
0 48 0
1
2 15 50
79
1 22 0
2 11 0
1 22 0
1 22 0
1 22 0
1 22 0
1 22 0
1 22 0
1 22 0
1 22 0
1 22 0
1 22 0
1 22 0
1 22 0
1 22 0
1 22 0
1 22 0
1 22 0
1 22 0
1 22 0
1 22 0
1 22 0
1 22 0
1 22 0
1 22 0
1 22 0
1 22 0
1 22 0
1 22 0
1 22 0
1 22 0
1 22 0
1 22 0
1 22 0
1 22 0
1 22 0
1 22 0
1 22 0
1 22 0
1 22 0
1 22 0
1 22 0
1 22 0
1 22 0
1 22 0
1 22 0
1 22 0
1 22 0
1 22 0
1 22 0
1 22 0
1 22 0
1 22 0
1 22 0
1 22 0
1 22 0
1 22 0
1 22 0
1 22 0
1 22 0
1 22 0
1 22 0
1 22 0
1 22 0
1 22 0
1 22 0
1 22 0
1 22 0
1 22 0
1 22 0
1 22 0
1 22 0
1 22 0
0 18 0
0 46 0
0 18 0
0 41 0
0 21 0
0 25 0
1
2 14 23
77
1 19 0
2 15 0
1 19 0
1 19 0
1 19 0
1 19 0
1 19 0
1 19 0
1 19 0
1 19 0
1 19 0
1 19 0
1 19 0
1 19 0
1 19 0
1 19 0
1 19 0
1 19 0
1 19 0
1 19 0
1 19 0
1 19 0
1 19 0
2 3 23
1 8 0
2 5 0
1 8 0
1 8 0
1 8 0
1 8 0
1 8 0
1 8 0
1 8 0
1 8 0
1 8 0
1 8 0
1 8 0
1 8 0
1 8 0
1 8 0
1 8 0
1 8 0
1 8 0
1 8 0
1 8 0
1 8 0
1 8 0
2 17 23
2 7 0
1 8 0
1 8 0
1 8 0
1 8 0
1 8 0
1 8 0
1 8 0
1 8 0
1 8 0
1 8 0
1 8 0
1 8 0
1 8 0
1 8 0
1 8 0
1 8 0
1 8 0
1 8 0
1 8 0
1 8 0
1 8 0
1 8 0
0 39 0
0 47 0
0 18 0
0 40 0
0 24 0
0 24 0
1
2 49 3
76
1 22 0
2 19 0
1 22 0
2 46 3
1 13 0
2 12 0
1 13 0
2 3 3
1 9 0
2 5 0
1 9 0
2 24 3
2 5 0
1 7 0
1 7 0
2 49 3
1 19 0
2 17 0
1 19 0
2 25 3
1 29 0
2 25 0
1 29 0
2 35 3
2 20 0
1 37 0
1 37 0
2 0 3
1 30 0
2 22 0
1 30 0
2 37 3
2 26 0
1 28 0
1 28 0
2 29 3
1 29 0
2 22 0
1 29 0
2 21 3
2 16 0
1 22 0
1 22 0
2 37 3
1 42 0
2 29 0
1 42 0
2 42 3
2 16 0
1 20 0
1 20 0
2 32 3
1 27 0
2 26 0
1 27 0
2 15 3
1 50 0
2 31 0
1 50 0
2 36 3
2 24 0
1 31 0
1 31 0
2 14 3
2 20 0
1 26 0
1 26 0
2 18 3
2 34 0
1 35 0
1 35 0
0 39 0
0 13 0
0 38 0
0 25 0
0 29 0
1
2 27 8
77
1 12 0
2 11 0
1 12 0
1 12 0
1 12 0
1 12 0
1 12 0
1 12 0
2 16 8
1 18 0
2 11 0
1 18 0
1 18 0
1 18 0
1 18 0
1 18 0
1 18 0
2 50 8
2 22 0
1 25 0
1 25 0
1 25 0
1 25 0
1 25 0
1 25 0
1 25 0
2 18 8
1 24 0
2 21 0
1 24 0
1 24 0
1 24 0
1 24 0
1 24 0
1 24 0
2 1 8
2 16 0
1 25 0
1 25 0
1 25 0
1 25 0
1 25 0
1 25 0
1 25 0
2 1 8
1 36 0
2 23 0
1 36 0
1 36 0
1 36 0
1 36 0
1 36 0
1 36 0
2 12 8
1 35 0
2 26 0
1 35 0
1 35 0
1 35 0
1 35 0
1 35 0
1 35 0
2 35 8
1 38 0
2 25 0
1 38 0
1 38 0
1 38 0
1 38 0
1 38 0
1 38 0
0 41 0
0 32 0
0 15 0
0 39 0
0 30 0
0 39 0
1
2 28 11
75
2 19 0
1 20 0
1 20 0
1 20 0
1 20 0
1 20 0
1 20 0
1 20 0
1 20 0
1 20 0
1 20 0
2 32 11
1 8 0
2 7 0
1 8 0
1 8 0
1 8 0
1 8 0
1 8 0
1 8 0
1 8 0
1 8 0
1 8 0
2 27 11
1 12 0
2 8 0
1 12 0
1 12 0
1 12 0
1 12 0
1 12 0
1 12 0
1 12 0
1 12 0
1 12 0
2 34 11
2 15 0
1 22 0
1 22 0
1 22 0
1 22 0
1 22 0
1 22 0
1 22 0
1 22 0
1 22 0
1 22 0
2 43 11
1 32 0
2 22 0
1 32 0
1 32 0
1 32 0
1 32 0
1 32 0
1 32 0
1 32 0
1 32 0
1 32 0
2 39 11
2 24 0
1 27 0
1 27 0
1 27 0
1 27 0
1 27 0
1 27 0
1 27 0
1 27 0
1 27 0
1 27 0
0 27 0
0 50 0
0 43 0
0 11 0
1
1 50 50
79
1 50 50
2 50 50
1 50 50
1 50 50
1 50 50
1 50 50
2 50 50
0 50 50
1 50 50
0 50 50
0 50 50
0 50 50
2 50 50
2 50 50
1 50 50
1 50 50
2 50 50
1 50 50
0 50 50
2 50 50
2 50 50
0 50 50
1 50 50
2 50 50
2 50 50
0 50 50
0 50 50
2 50 50
1 50 50
0 50 50
2 50 50
0 50 50
1 50 50
0 50 50
0 50 50
1 50 50
0 50 50
0 50 50
0 50 50
2 50 50
0 50 50
0 50 50
1 50 50
2 50 50
2 50 50
1 50 50
0 50 50
0 50 50
1 50 50
2 50 50
0 50 50
1 50 50
2 50 50
1 50 50
0 50 50
0 50 50
1 50 50
2 50 50
1 50 50
2 50 50
2 50 50
2 50 50
0 50 50
2 50 50
0 50 50
2 50 50
0 50 50
0 50 50
1 50 50
2 50 50
0 50 50
1 50 50
0 50 50
2 50 50
1 50 50
1 50 50
2 50 50
2 50 50
0 50 50
7
1 30 0
2 38 2
2 26 0
1 12 0
1 40 0
0 14 0
2 48 4
73
2 48 1
0 7 0
0 42 0
0 15 0
2 44 0
2 0 0
1 44 0
2 22 1
1 7 0
2 25 0
1 9 0
0 26 1
0 49 0
1 35 5
1 13 2
1 15 2
0 44 0
1 17 4
1 22 1
0 44 1
1 17 0
1 17 0
1 50 2
2 42 1
1 1 0
2 14 0
1 32 0
2 14 0
1 10 4
0 31 0
0 20 0
2 20 3
2 33 0
2 6 0
0 12 0
1 3 0
2 35 2
0 39 1
1 17 0
2 47 0
2 35 1
2 42 0
1 31 5
0 1 0
1 15 0
1 11 0
1 9 0
1 26 0
1 42 1
1 34 0
2 14 0
0 2 8
1 12 0
1 3 1
1 17 0
1 50 0
1 20 0
0 47 0
1 50 0
0 12 4
0 14 1
1 1 0
1 27 1
0 14 2
2 18 1
0 31 2
0 39 3
0 43 0
2 43 0
1 9 0
1 30 1
1 30 1
1 48 0
1
2 50 19
63
2 4 0
1 5 0
1 5 0
1 5 0
1 5 0
1 5 0
1 5 0
1 5 0
1 5 0
1 5 0
1 5 0
1 5 0
1 5 0
1 5 0
1 5 0
1 5 0
1 5 0
1 5 0
1 5 0
2 45 19
2 14 0
1 25 0
1 25 0
1 25 0
1 25 0
1 25 0
1 25 0
1 25 0
1 25 0
1 25 0
1 25 0
1 25 0
1 25 0
1 25 0
1 25 0
1 25 0
1 25 0
1 25 0
1 25 0
2 9 19
2 17 0
1 20 0
1 20 0
1 20 0
1 20 0
1 20 0
1 20 0
1 20 0
1 20 0
1 20 0
1 20 0
1 20 0
1 20 0
1 20 0
1 20 0
1 20 0
1 20 0
1 20 0
1 20 0
0 49 0
0 31 0
0 22 0
0 35 0
3
0 26 0
2 2 1
0 12 1
77
2 28 0
1 48 0
2 30 0
2 1 0
0 35 6
1 40 5
0 3 8
0 44 0
0 12 3
0 19 0
2 23 0
2 19 1
1 42 1
1 26 5
2 18 14
2 33 6
0 30 0
2 41 1
1 2 12
1 8 0
1 46 0
1 4 0
2 40 0
0 8 1
1 24 0
2 40 1
1 16 0
1 42 0
2 21 0
2 17 2
0 38 0
2 46 0
0 38 11
0 5 10
1 19 0
0 27 0
0 4 0
2 33 0
0 22 0
1 29 0
1 43 0
0 32 0
1 50 1
2 39 2
1 34 4
1 38 10
2 15 0
1 16 0
1 11 3
2 16 1
0 0 1
2 50 0
1 19 0
1 2 8
2 27 6
1 28 0
1 16 0
1 40 4
0 4 0
1 8 0
2 0 0
1 32 0
2 43 11
2 3 7
0 34 1
1 29 0
1 13 0
2 26 0
2 18 0
1 39 2
0 50 2
1 14 0
2 50 2
0 29 3
1 9 2
2 43 0
0 15 0
6
1 43 0
1 45 0
1 45 0
1 47 1
0 23 0
0 9 2
74
2 26 0
1 5 0
2 22 1
0 36 0
2 43 0
0 34 1
2 9 9
2 33 0
2 12 3
0 40 0
1 2 0
0 22 2
1 0 0
0 31 0
2 28 0
2 26 0
1 14 4
0 23 0
0 24 0
1 3 0
2 41 1
2 48 2
1 27 0
2 5 0
0 17 5
2 25 0
0 13 1
0 44 0
2 27 0
1 20 0
0 23 0
1 28 0
0 47 1
1 45 0
2 27 1
0 39 0
1 8 0
0 1 0
0 49 0
1 50 0
0 36 5
0 50 0
1 18 0
1 32 2
1 5 1
2 34 0
0 4 1
1 41 0
2 39 0
1 36 0
2 18 0
1 18 2
1 45 0
1 19 2
1 28 1
1 24 0
0 1 13
1 42 6
0 16 1
0 5 0
1 18 0
1 1 1
1 24 1
0 5 1
1 10 1
0 23 0
1 38 1
2 19 0
0 12 1
2 13 0
1 0 0
2 17 0
1 6 2
0 12 0
1
2 6 24
77
2 3 0
1 4 0
1 4 0
1 4 0
1 4 0
1 4 0
1 4 0
1 4 0
1 4 0
1 4 0
1 4 0
1 4 0
1 4 0
1 4 0
1 4 0
1 4 0
1 4 0
1 4 0
1 4 0
1 4 0
1 4 0
1 4 0
1 4 0
1 4 0
2 8 24
1 11 0
2 9 0
1 11 0
1 11 0
1 11 0
1 11 0
1 11 0
1 11 0
1 11 0
1 11 0
1 11 0
1 11 0
1 11 0
1 11 0
1 11 0
1 11 0
1 11 0
1 11 0
1 11 0
1 11 0
1 11 0
1 11 0
1 11 0
1 11 0
2 47 24
2 4 0
1 5 0
1 5 0
1 5 0
1 5 0
1 5 0
1 5 0
1 5 0
1 5 0
1 5 0
1 5 0
1 5 0
1 5 0
1 5 0
1 5 0
1 5 0
1 5 0
1 5 0
1 5 0
1 5 0
1 5 0
1 5 0
1 5 0
1 5 0
0 24 0
0 32 0
0 22 0
7
2 36 0
2 4 1
2 0 0
1 21 7
0 0 3
2 3 1
1 21 0
73
2 24 0
1 25 0
1 49 0
1 30 1
1 23 0
2 36 0
0 13 0
2 32 2
0 38 0
2 13 0
0 31 0
0 0 1
1 16 0
0 5 0
2 31 0
0 31 0
2 30 0
2 50 0
1 0 0
0 50 0
1 43 0
1 6 0
0 25 1
0 9 2
1 16 0
0 31 0
0 31 0
1 10 0
2 14 0
2 12 0
0 4 1
1 38 0
2 6 0
2 50 2
0 28 0
2 21 0
2 17 0
0 4 0
2 14 0
1 29 4
1 17 0
0 40 1
0 19 0
2 30 0
0 25 0
0 23 0
1 43 0
1 21 0
0 43 5
0 16 1
1 17 2
1 43 0
2 32 9
1 20 1
2 31 2
1 6 0
1 43 0
1 15 0
0 34 0
0 13 0
0 36 0
1 7 0
1 46 0
2 10 0
2 37 2
2 39 0
1 2 1
2 22 1
1 35 0
0 17 0
0 27 0
0 32 0
2 9 0
1
2 32 31
79
1 20 0
2 18 0
1 20 0
1 20 0
1 20 0
1 20 0
1 20 0
1 20 0
1 20 0
1 20 0
1 20 0
1 20 0
1 20 0
1 20 0
1 20 0
1 20 0
1 20 0
1 20 0
1 20 0
1 20 0
1 20 0
1 20 0
1 20 0
1 20 0
1 20 0
1 20 0
1 20 0
1 20 0
1 20 0
1 20 0
1 20 0
2 20 31
1 23 0
2 18 0
1 23 0
1 23 0
1 23 0
1 23 0
1 23 0
1 23 0
1 23 0
1 23 0
1 23 0
1 23 0
1 23 0
1 23 0
1 23 0
1 23 0
1 23 0
1 23 0
1 23 0
1 23 0
1 23 0
1 23 0
1 23 0
1 23 0
1 23 0
1 23 0
1 23 0
1 23 0
1 23 0
1 23 0
1 23 0
0 13 0
0 50 0
0 17 0
0 35 0
0 44 0
0 11 0
0 15 0
0 11 0
0 48 0
0 43 0
0 32 0
0 37 0
0 46 0
0 32 0
0 19 0
0 49 0
1
2 1 5
79
1 7 0
2 6 0
1 7 0
1 7 0
1 7 0
2 35 5
2 16 0
1 28 0
1 28 0
1 28 0
1 28 0
2 14 5
1 16 0
2 15 0
1 16 0
1 16 0
1 16 0
2 17 5
2 16 0
1 24 0
1 24 0
1 24 0
1 24 0
2 10 5
1 14 0
2 13 0
1 14 0
1 14 0
1 14 0
2 18 5
2 6 0
1 7 0
1 7 0
1 7 0
1 7 0
2 33 5
1 13 0
2 9 0
1 13 0
1 13 0
1 13 0
2 22 5
1 24 0
2 20 0
1 24 0
1 24 0
1 24 0
2 43 5
1 16 0
2 9 0
1 16 0
1 16 0
1 16 0
2 3 5
1 44 0
2 29 0
1 44 0
1 44 0
1 44 0
2 33 5
1 40 0
2 25 0
1 40 0
1 40 0
1 40 0
2 22 5
1 18 0
2 12 0
1 18 0
1 18 0
1 18 0
2 2 5
2 19 0
1 21 0
1 21 0
1 21 0
1 21 0
0 41 0
0 49 0
1
2 22 13
75
2 5 0
1 8 0
1 8 0
1 8 0
1 8 0
1 8 0
1 8 0
1 8 0
1 8 0
1 8 0
1 8 0
1 8 0
1 8 0
2 49 13
1 27 0
2 19 0
1 27 0
1 27 0
1 27 0
1 27 0
1 27 0
1 27 0
1 27 0
1 27 0
1 27 0
1 27 0
1 27 0
2 2 13
2 8 0
1 9 0
1 9 0
1 9 0
1 9 0
1 9 0
1 9 0
1 9 0
1 9 0
1 9 0
1 9 0
1 9 0
1 9 0
2 30 13
2 16 0
1 24 0
1 24 0
1 24 0
1 24 0
1 24 0
1 24 0
1 24 0
1 24 0
1 24 0
1 24 0
1 24 0
1 24 0
2 8 13
1 21 0
2 12 0
1 21 0
1 21 0
1 21 0
1 21 0
1 21 0
1 21 0
1 21 0
1 21 0
1 21 0
1 21 0
1 21 0
0 49 0
0 29 0
0 48 0
0 35 0
0 44 0
0 34 0
1
1 29 50
79
1 50 50
1 9 0
2 45 0
2 48 0
2 8 0
1 1 0
2 36 0
1 33 0
2 27 0
1 46 0
2 5 0
2 28 0
1 16 0
1 41 0
2 43 0
2 8 0
1 46 0
2 11 0
2 20 0
2 38 0
1 38 0
1 47 0
1 8 0
1 37 0
2 39 0
2 0 0
2 35 0
2 30 0
1 16 0
2 17 0
1 29 0
2 19 0
2 40 0
1 32 0
2 36 0
1 40 0
2 9 0
2 36 0
2 44 0
2 1 0
1 14 0
2 21 0
2 50 0
1 42 0
1 25 0
2 40 0
1 11 0
2 29 0
1 31 0
1 17 0
2 35 0
1 46 0
2 39 0
2 23 0
1 21 0
2 5 0
1 14 0
2 8 0
2 13 0
2 16 0
1 7 0
1 2 0
2 11 0
1 41 0
2 13 0
2 49 0
2 39 0
2 3 0
2 8 0
1 22 0
1 22 0
1 17 0
2 22 0
2 9 0
1 18 0
1 10 0
1 47 0
1 50 0
2 20 0
1
2 10 7
77
2 20 0
1 21 0
1 21 0
1 21 0
1 21 0
1 21 0
1 21 0
2 23 7
2 16 0
1 20 0
1 20 0
1 20 0
1 20 0
1 20 0
1 20 0
2 29 7
1 7 0
2 6 0
1 7 0
1 7 0
1 7 0
1 7 0
1 7 0
2 19 7
1 24 0
2 23 0
1 24 0
1 24 0
1 24 0
1 24 0
1 24 0
2 29 7
1 27 0
2 24 0
1 27 0
1 27 0
1 27 0
1 27 0
1 27 0
2 30 7
1 44 0
2 25 0
1 44 0
1 44 0
1 44 0
1 44 0
1 44 0
2 33 7
2 12 0
1 18 0
1 18 0
1 18 0
1 18 0
1 18 0
1 18 0
2 19 7
1 33 0
2 27 0
1 33 0
1 33 0
1 33 0
1 33 0
1 33 0
2 0 7
2 9 0
1 12 0
1 12 0
1 12 0
1 12 0
1 12 0
1 12 0
0 43 0
0 12 0
0 41 0
0 50 0
0 24 0
0 18 0
1
2 4 35
78
1 19 0
2 16 0
1 19 0
1 19 0
1 19 0
1 19 0
1 19 0
1 19 0
1 19 0
1 19 0
1 19 0
1 19 0
1 19 0
1 19 0
1 19 0
1 19 0
1 19 0
1 19 0
1 19 0
1 19 0
1 19 0
1 19 0
1 19 0
1 19 0
1 19 0
1 19 0
1 19 0
1 19 0
1 19 0
1 19 0
1 19 0
1 19 0
1 19 0
1 19 0
1 19 0
2 35 35
2 16 0
1 20 0
1 20 0
1 20 0
1 20 0
1 20 0
1 20 0
1 20 0
1 20 0
1 20 0
1 20 0
1 20 0
1 20 0
1 20 0
1 20 0
1 20 0
1 20 0
1 20 0
1 20 0
1 20 0
1 20 0
1 20 0
1 20 0
1 20 0
1 20 0
1 20 0
1 20 0
1 20 0
1 20 0
1 20 0
1 20 0
1 20 0
1 20 0
1 20 0
1 20 0
0 12 0
0 47 0
0 22 0
0 48 0
0 25 0
0 32 0
0 36 0
1
2 0 19
77
2 7 0
1 14 0
1 14 0
1 14 0
1 14 0
1 14 0
1 14 0
1 14 0
1 14 0
1 14 0
1 14 0
1 14 0
1 14 0
1 14 0
1 14 0
1 14 0
1 14 0
1 14 0
1 14 0
2 1 19
1 22 0
2 21 0
1 22 0
1 22 0
1 22 0
1 22 0
1 22 0
1 22 0
1 22 0
1 22 0
1 22 0
1 22 0
1 22 0
1 22 0
1 22 0
1 22 0
1 22 0
1 22 0
1 22 0
2 0 19
1 16 0
2 14 0
1 16 0
1 16 0
1 16 0
1 16 0
1 16 0
1 16 0
1 16 0
1 16 0
1 16 0
1 16 0
1 16 0
1 16 0
1 16 0
1 16 0
1 16 0
1 16 0
1 16 0
0 31 0
0 25 0
0 19 0
0 11 0
0 15 0
0 47 0
0 19 0
0 36 0
0 14 0
0 13 0
0 36 0
0 42 0
0 34 0
0 24 0
0 10 0
0 21 0
0 50 0
0 50 0
1
2 47 50
79
1 17 0
2 16 0
1 17 0
1 17 0
1 17 0
1 17 0
1 17 0
1 17 0
1 17 0
1 17 0
1 17 0
1 17 0
1 17 0
1 17 0
1 17 0
1 17 0
1 17 0
1 17 0
1 17 0
1 17 0
1 17 0
1 17 0
1 17 0
1 17 0
1 17 0
1 17 0
1 17 0
1 17 0
1 17 0
1 17 0
1 17 0
1 17 0
1 17 0
1 17 0
1 17 0
1 17 0
1 17 0
1 17 0
1 17 0
1 17 0
1 17 0
1 17 0
1 17 0
1 17 0
1 17 0
1 17 0
1 17 0
1 17 0
1 17 0
1 17 0
1 17 0
1 17 0
1 17 0
1 17 0
1 17 0
1 17 0
1 17 0
1 17 0
1 17 0
1 17 0
1 17 0
1 17 0
1 17 0
1 17 0
1 17 0
1 17 0
1 17 0
1 17 0
1 17 0
0 25 0
0 13 0
0 13 0
0 20 0
0 36 0
0 33 0
0 43 0
0 19 0
0 29 0
0 24 0
1
2 20 17
77
1 13 0
2 11 0
1 13 0
1 13 0
1 13 0
1 13 0
1 13 0
1 13 0
1 13 0
1 13 0
1 13 0
1 13 0
1 13 0
1 13 0
1 13 0
1 13 0
1 13 0
2 33 17
2 19 0
1 20 0
1 20 0
1 20 0
1 20 0
1 20 0
1 20 0
1 20 0
1 20 0
1 20 0
1 20 0
1 20 0
1 20 0
1 20 0
1 20 0
1 20 0
1 20 0
2 35 17
2 15 0
1 18 0
1 18 0
1 18 0
1 18 0
1 18 0
1 18 0
1 18 0
1 18 0
1 18 0
1 18 0
1 18 0
1 18 0
1 18 0
1 18 0
1 18 0
1 18 0
2 23 17
2 14 0
1 22 0
1 22 0
1 22 0
1 22 0
1 22 0
1 22 0
1 22 0
1 22 0
1 22 0
1 22 0
1 22 0
1 22 0
1 22 0
1 22 0
1 22 0
1 22 0
0 45 0
0 39 0
0 17 0
0 43 0
0 49 0
0 40 0
1
2 12 5
78
2 20 0
1 38 0
1 38 0
1 38 0
1 38 0
2 41 5
2 15 0
1 16 0
1 16 0
1 16 0
1 16 0
2 5 5
1 18 0
2 11 0
1 18 0
1 18 0
1 18 0
2 45 5
1 18 0
2 16 0
1 18 0
1 18 0
1 18 0
2 27 5
2 14 0
1 23 0
1 23 0
1 23 0
1 23 0
2 50 5
1 25 0
2 22 0
1 25 0
1 25 0
1 25 0
2 37 5
2 24 0
1 35 0
1 35 0
1 35 0
1 35 0
2 11 5
2 13 0
1 16 0
1 16 0
1 16 0
1 16 0
2 10 5
1 26 0
2 18 0
1 26 0
1 26 0
1 26 0
2 18 5
1 36 0
2 28 0
1 36 0
1 36 0
1 36 0
2 31 5
2 16 0
1 17 0
1 17 0
1 17 0
1 17 0
2 26 5
1 34 0
2 20 0
1 34 0
1 34 0
1 34 0
0 30 0
0 19 0
0 36 0
0 10 0
0 37 0
0 10 0
0 46 0
48
1 44 0
1 15 0
0 33 0
0 7 0
1 23 0
0 9 1
1 35 0
1 24 0
0 41 0
0 24 0
0 41 3
1 37 0
0 28 0
2 43 0
0 25 0
0 24 0
2 39 0
1 19 0
1 45 0
2 34 0
1 0 0
0 44 0
1 3 1
0 45 0
1 3 1
1 35 0
0 26 0
2 7 1
2 3 2
0 8 0
0 16 0
0 5 1
1 32 0
1 36 0
1 23 0
1 50 0
2 42 0
2 10 0
2 33 2
0 8 0
0 21 0
2 4 0
1 34 0
0 48 0
1 2 0
2 37 0
1 17 0
1 24 0
32
0 20 0
2 7 0
1 37 0
0 49 0
0 45 0
2 11 0
2 10 0
2 9 0
1 20 0
2 30 0
1 41 1
1 47 0
0 4 0
0 49 0
0 36 0
1 41 0
0 17 2
1 50 0
0 33 0
1 4 0
1 22 0
0 21 1
1 21 0
0 36 0
1 9 0
2 9 0
2 42 0
2 4 0
2 7 0
2 8 0
1 40 0
1 13 0
1
2 17 22
77
1 22 0
2 16 0
1 22 0
1 22 0
1 22 0
1 22 0
1 22 0
1 22 0
1 22 0
1 22 0
1 22 0
1 22 0
1 22 0
1 22 0
1 22 0
1 22 0
1 22 0
1 22 0
1 22 0
1 22 0
1 22 0
1 22 0
2 41 22
1 18 0
2 13 0
1 18 0
1 18 0
1 18 0
1 18 0
1 18 0
1 18 0
1 18 0
1 18 0
1 18 0
1 18 0
1 18 0
1 18 0
1 18 0
1 18 0
1 18 0
1 18 0
1 18 0
1 18 0
1 18 0
1 18 0
2 48 22
1 24 0
2 18 0
1 24 0
1 24 0
1 24 0
1 24 0
1 24 0
1 24 0
1 24 0
1 24 0
1 24 0
1 24 0
1 24 0
1 24 0
1 24 0
1 24 0
1 24 0
1 24 0
1 24 0
1 24 0
1 24 0
1 24 0
0 21 0
0 44 0
0 21 0
0 27 0
0 44 0
0 31 0
0 13 0
0 30 0
0 39 0
