100
1
1 10 10
0
1
1 10 10
1
1 10 10
1
1 10 10
2
1 10 10
1 10 10
4
0 4 1
1 4 1
0 0 0
1 6 0
2
1 3 0
1 9 0
1
1 4 1
6
0 6 0
1 0 0
1 6 0
1 3 2
0 4 0
0 7 0
2
1 0 2
0 2 0
6
1 0 1
1 7 0
1 3 0
0 4 0
0 5 0
1 1 0
8
0 2 0
0 0 0
0 2 0
0 2 0
1 0 0
0 4 1
1 9 0
1 8 1
1
1 9 1
7
1 1 0
1 1 0
0 2 0
0 5 0
1 9 1
0 4 0
0 0 0
3
0 0 2
0 0 0
1 1 1
6
1 5 1
0 3 0
1 6 0
1 7 0
0 2 0
0 9 0
5
1 1 1
1 8 1
0 3 0
0 6 1
1 8 1
8
0 9 0
1 5 0
1 7 0
0 5 0
0 0 0
0 8 0
1 9 0
1 2 1
4
0 2 0
0 1 0
0 6 0
0 7 0
11
1 6 0
0 3 1
1 4 0
0 0 0
0 8 1
0 7 0
0 4 0
0 3 0
0 2 1
0 7 0
1 1 1
2
0 6 1
0 0 0
12
0 5 0
0 1 0
0 1 0
0 1 1
1 9 0
0 7 0
0 0 0
0 4 2
1 4 0
0 9 0
0 9 0
0 4 1
2
1 9 0
0 1 0
12
1 7 0
0 6 0
1 6 1
1 6 0
0 7 0
1 2 0
1 6 1
0 4 0
1 4 0
0 4 0
1 9 0
0 9 0
3
0 2 0
0 1 1
1 5 1
9
0 5 0
0 6 1
0 4 0
1 7 1
0 0 0
1 0 0
1 7 1
1 8 0
0 1 0
7
1 7 0
1 7 0
1 8 0
1 0 0
0 4 0
0 0 0
1 6 1
13
1 5 0
1 3 0
0 1 0
1 9 0
1 9 0
1 2 0
0 5 0
0 1 0
0 6 1
1 3 0
1 7 0
1 8 0
1 1 0
4
0 9 0
1 4 0
0 7 0
1 8 0
11
0 4 1
1 7 0
0 3 0
0 8 0
1 6 1
1 6 0
0 1 0
0 3 0
1 6 0
1 9 0
0 8 0
7
1 1 0
1 9 0
1 4 0
1 1 0
1 2 0
1 1 0
0 0 0
13
0 6 0
1 0 0
1 1 0
0 2 0
0 4 0
1 1 0
1 2 0
1 3 1
0 7 0
1 1 1
1 2 0
1 7 1
1 6 1
6
0 4 0
0 5 1
1 0 0
0 5 0
0 5 0
0 6 2
13
0 8 1
0 3 0
0 0 0
0 9 0
0 9 1
0 4 0
0 6 0
0 9 0
0 7 0
1 9 0
0 2 0
0 6 2
0 2 0
7
1 3 1
0 1 0
1 0 1
1 3 1
0 2 0
0 6 0
1 6 0
18
0 1 0
0 6 0
1 5 0
1 7 0
1 5 1
0 1 0
0 3 0
0 7 0
1 6 0
1 6 0
0 0 1
0 0 0
1 5 0
0 4 0
0 1 0
0 6 0
0 3 0
0 2 0
3
0 6 0
0 4 1
0 1 1
9
0 1 0
0 7 2
1 6 2
0 9 1
0 0 0
1 2 0
0 9 0
0 0 0
1 0 0
13
1 0 0
0 9 0
0 0 0
1 5 1
0 3 2
0 2 0
0 2 0
1 2 1
0 5 1
1 0 0
0 2 0
0 8 1
1 7 2
15
0 3 0
0 0 1
1 1 0
1 0 0
0 2 0
1 4 0
1 5 0
0 6 0
0 3 0
0 9 1
0 8 0
0 3 1
0 0 0
0 7 0
0 3 0
8
0 1 0
0 2 0
1 3 0
0 0 0
1 5 1
1 5 0
0 5 0
1 2 0
22
1 1 0
0 8 0
0 2 0
1 7 0
0 2 0
0 8 0
1 2 0
0 2 0
1 2 0
1 5 0
0 8 0
0 3 0
1 2 2
1 8 0
0 4 0
1 4 2
0 0 0
1 4 0
0 1 0
1 6 0
1 2 0
1 2 1
2
1 2 1
1 0 0
16
0 8 0
1 8 0
0 9 2
0 2 0
0 0 0
0 3 1
1 6 0
1 7 0
0 5 0
1 1 2
0 5 0
0 8 1
1 5 0
1 0 0
1 6 0
0 1 0
9
0 6 0
0 2 0
0 5 1
0 6 1
1 2 0
0 7 0
1 2 0
0 3 1
1 0 0
24
1 0 1
1 4 0
1 7 0
1 7 1
0 8 1
1 7 0
0 3 0
1 4 0
0 4 1
0 9 0
0 5 0
0 5 0
0 6 0
0 9 0
0 9 0
0 9 0
0 6 0
1 8 0
1 6 0
0 0 0
0 0 0
0 5 0
1 7 0
0 3 0
2
1 6 0
1 3 0
18
0 6 0
1 0 0
1 1 0
0 3 0
0 0 0
0 7 0
0 3 0
1 2 0
1 8 0
1 9 0
0 2 0
0 6 0
0 0 0
0 6 1
0 1 0
0 8 0
1 6 1
1 9 0
9
1 6 0
1 8 0
0 7 0
1 8 0
0 5 0
1 0 0
0 0 2
1 5 0
1 0 0
4
1 4 1
0 0 0
1 1 0
1 8 0
24
0 5 0
1 7 0
0 3 1
1 7 0
1 5 0
0 4 1
1 3 0
0 4 2
0 2 0
0 4 0
1 4 0
1 2 0
0 0 0
1 0 0
0 0 1
0 2 0
1 9 1
0 3 0
1 2 2
0 8 0
0 7 0
1 3 0
1 5 0
0 2 1
3
0 8 1
1 4 0
0 5 0
26
1 1 0
1 9 0
0 3 0
0 0 0
0 6 0
0 3 0
0 3 0
1 9 0
1 4 0
0 1 2
1 2 0
0 4 1
0 4 0
0 9 1
1 5 1
1 7 0
0 5 0
1 2 0
1 7 0
0 2 0
1 6 1
0 5 1
1 0 0
0 0 0
0 3 0
1 1 0
15
0 6 0
0 5 0
0 7 0
1 5 0
1 3 0
0 7 0
1 9 2
1 7 0
0 0 1
0 3 1
1 0 0
1 6 0
1 9 0
1 6 2
1 8 0
15
0 4 0
1 5 0
0 3 0
1 3 0
1 1 0
1 6 0
0 3 0
0 9 0
1 3 0
0 2 0
1 8 0
1 7 0
1 5 0
0 2 0
0 2 0
31
1 4 0
0 0 0
0 3 0
0 2 0
1 7 0
1 2 1
1 1 0
0 0 0
0 7 0
1 7 0
1 1 0
1 2 1
0 5 2
1 0 0
1 5 0
1 9 0
0 3 0
1 0 0
0 3 2
0 1 1
1 8 0
1 9 1
0 3 1
1 5 2
0 5 0
0 9 1
1 3 0
1 4 1
1 8 1
0 3 0
1 1 0
0
30
1 1 0
0 5 0
0 3 0
0 4 0
0 8 1
0 2 1
1 8 0
0 2 0
1 6 0
0 9 0
1 5 0
0 9 0
0 0 0
1 2 0
1 9 0
0 0 0
1 7 0
1 8 0
0 0 0
0 8 0
0 0 0
0 2 0
1 5 0
0 3 1
0 5 1
0 4 0
0 6 0
1 4 0
1 3 1
1 3 0
2
1 1 0
1 2 0
29
0 6 0
1 6 0
1 1 0
0 5 1
1 6 0
1 7 1
0 2 0
1 0 0
1 2 0
1 1 1
1 6 0
0 2 0
1 0 0
1 7 1
1 0 1
1 4 0
1 5 0
0 5 1
0 9 0
1 7 0
1 6 0
0 8 0
1 7 1
1 7 0
1 8 0
0 6 0
1 8 0
0 9 0
1 5 0
4
0 8 0
1 4 0
1 1 0
0 0 0
13
1 8 0
0 0 0
1 2 0
1 1 0
1 1 1
0 4 1
0 2 0
1 7 0
0 1 1
1 1 0
0 3 0
0 6 0
0 7 0
21
0 9 1
1 9 0
1 7 2
1 7 0
1 9 1
0 7 0
1 5 0
1 0 0
0 8 0
0 4 1
1 9 0
1 7 0
0 1 0
1 8 0
0 7 0
0 6 0
0 1 0
1 2 1
1 8 0
0 0 0
0 8 0
7
1 2 2
0 4 0
1 9 1
1 2 0
1 9 0
0 3 0
0 0 1
28
0 2 0
1 3 0
0 1 0
0 1 0
0 2 0
1 5 0
0 4 0
1 8 0
1 6 0
0 3 0
0 2 0
1 6 0
1 2 0
0 3 0
1 1 0
0 8 1
1 6 0
0 6 0
1 6 0
1 0 0
0 0 0
0 6 0
1 1 0
1 8 0
1 5 0
0 4 1
0 0 1
0 6 0
6
0 6 0
0 4 1
0 9 0
1 1 2
1 9 0
1 8 0
30
0 0 0
0 0 0
0 6 0
0 3 0
0 4 0
0 9 0
1 5 0
1 5 0
0 1 0
1 3 1
0 2 0
1 8 0
1 8 1
0 1 0
0 8 0
1 3 1
1 5 0
1 2 0
0 0 0
1 1 0
0 2 0
0 1 0
0 3 0
1 2 1
1 5 0
0 5 0
0 7 0
1 5 1
1 2 1
0 9 0
29
1 7 0
0 1 1
1 4 0
1 7 0
0 2 0
1 9 0
0 2 1
0 5 0
0 6 1
1 5 2
0 5 0
1 2 0
1 8 1
1 5 1
0 6 0
0 2 0
1 2 0
0 5 0
0 6 1
1 0 1
1 3 1
0 3 0
1 9 0
1 9 0
0 5 0
1 4 0
0 3 0
1 4 0
0 2 0
8
1 2 1
0 3 0
0 6 0
1 6 0
1 0 0
0 2 0
0 2 0
1 5 1
31
0 3 0
1 4 1
0 8 2
0 2 0
1 7 0
0 6 0
0 8 0
0 1 0
1 8 1
0 4 0
1 3 0
1 5 0
0 7 0
0 8 0
1 0 0
0 1 0
1 7 0
0 0 0
1 5 2
1 6 0
1 1 0
0 5 0
1 4 1
0 8 0
1 1 0
1 5 0
1 5 0
0 5 0
1 7 0
0 3 1
0 2 0
7
1 6 0
1 9 0
1 2 0
1 7 0
1 7 0
0 5 0
1 1 0
23
1 9 0
1 3 1
0 2 1
1 6 0
0 3 0
0 3 0
0 6 0
0 3 1
0 9 0
1 9 1
0 7 0
1 4 1
0 0 0
1 2 0
0 3 0
1 8 0
0 8 0
0 9 1
1 4 1
0 6 1
1 5 0
0 8 1
1 1 1
16
0 3 0
0 2 0
1 5 1
1 3 0
0 2 0
1 6 0
0 2 0
1 1 0
1 8 1
1 5 0
1 4 2
0 8 0
1 6 0
1 7 0
0 3 0
0 5 0
9
0 3 0
0 8 0
1 7 1
0 9 0
0 0 0
1 9 0
0 6 0
0 4 0
1 2 0
31
0 0 0
1 6 0
0 0 0
0 1 0
1 2 0
0 8 0
1 8 2
1 2 1
0 0 1
0 8 0
1 7 0
1 0 0
1 3 0
0 4 1
0 4 0
1 6 0
0 0 0
1 6 1
1 3 0
1 9 0
0 4 1
1 5 0
1 7 1
0 6 1
0 1 0
1 3 0
1 2 0
0 2 0
0 1 0
1 6 0
1 9 0
4
1 4 1
0 0 0
1 0 0
1 1 0
37
0 9 0
1 5 2
1 8 0
0 0 0
1 1 0
0 0 0
1 0 1
0 3 0
0 7 0
0 2 0
0 4 0
1 4 0
1 7 2
0 3 1
1 4 0
1 9 2
0 3 0
0 2 0
1 0 0
0 3 0
1 2 0
1 2 0
1 4 0
0 6 0
0 3 1
1 7 0
0 7 1
1 2 0
1 2 0
1 4 2
0 4 1
0 6 0
1 6 0
0 3 0
0 4 0
0 9 1
0 8 2
11
1 4 1
1 0 0
0 8 0
0 6 0
0 6 0
0 2 0
0 8 0
1 6 0
0 1 0
0 5 1
0 7 1
31
0 3 0
0 9 1
0 9 0
0 0 0
1 0 0
1 5 1
1 5 1
1 4 0
1 2 0
0 8 0
1 9 1
0 3 0
1 7 2
1 6 0
0 3 0
0 1 0
0 6 1
0 7 0
1 8 0
0 4 0
0 2 0
1 6 0
1 6 0
0 4 0
0 5 0
0 2 0
1 1 0
0 2 1
0 1 1
0 3 0
0 2 0
31
1 7 0
0 6 0
0 5 0
1 5 0
0 7 2
0 0 0
1 5 1
0 4 0
0 8 0
1 7 0
1 5 0
0 5 0
1 9 2
1 3 0
0 7 0
0 3 0
1 1 0
0 5 0
1 6 0
1 2 1
0 4 0
0 2 0
0 4 1
1 9 0
0 1 0
1 7 0
0 6 0
1 2 0
1 2 1
1 1 0
1 7 1
12
1 0 0
1 4 0
0 4 0
1 5 0
0 9 1
0 5 0
1 4 1
0 9 0
0 8 1
1 8 0
1 8 0
0 2 0
41
1 0 1
1 0 0
0 7 0
0 3 0
1 2 0
0 0 1
0 4 1
0 7 0
1 2 0
1 2 1
0 3 0
0 3 0
1 2 0
0 5 0
0 3 0
0 3 1
0 1 0
0 5 0
0 8 0
1 9 0
1 7 0
1 6 1
1 6 0
1 7 1
0 5 0
1 4 0
0 2 0
0 9 0
1 1 1
1 7 0
1 3 0
1 0 0
1 7 0
1 3 0
1 4 0
1 7 0
0 3 1
1 4 0
0 6 0
1 8 0
0 6 0
3
0 6 0
1 9 0
0 0 0
13
0 3 1
0 5 0
1 6 0
1 6 0
0 5 0
1 2 0
1 9 0
0 8 0
1 9 1
1 4 2
0 2 0
0 5 0
0 6 0
32
0 6 0
0 5 0
1 0 0
0 9 0
0 7 0
0 5 2
0 0 0
0 4 0
1 0 0
1 6 0
1 6 0
1 5 0
0 0 0
0 3 0
1 4 2
0 3 0
1 0 0
1 6 0
1 3 0
0 0 1
1 3 1
1 3 0
0 4 0
0 2 0
0 1 0
1 7 0
0 9 0
1 6 0
0 6 0
0 8 1
1 8 0
0 0 0
70
1 17 2
0 13 0
0 20 0
1 7 0
0 6 0
1 16 0
1 13 0
1 17 3
0 14 0
1 18 1
1 16 3
1 14 0
0 12 1
0 9 0
1 1 0
1 8 2
1 6 0
0 8 0
1 5 1
1 9 0
1 10 1
1 20 0
0 11 0
1 19 0
0 14 0
1 14 0
0 14 0
1 11 0
0 14 0
1 6 0
0 6 0
1 0 0
1 12 0
0 13 0
0 5 0
1 2 0
0 9 0
0 18 0
0 2 1
0 4 1
1 18 0
0 11 0
0 12 0
0 13 0
1 14 0
0 14 2
0 18 0
1 18 0
0 16 1
1 4 1
0 5 0
1 12 1
0 1 0
1 15 0
0 5 0
0 2 0
1 2 0
1 7 0
1 20 0
0 18 0
0 2 0
1 8 0
0 13 0
1 8 0
1 2 0
0 10 0
0 12 0
0 13 0
1 20 0
0 16 0
10
1 12 0
1 16 0
0 2 0
1 1 0
0 2 0
1 0 0
1 4 2
0 18 0
1 7 0
1 6 0
27
0 16 0
1 19 0
1 8 1
1 13 0
0 10 0
0 13 0
0 1 0
1 18 0
1 19 0
1 3 0
0 3 2
1 1 0
1 2 0
1 1 0
1 16 0
0 20 0
1 12 0
1 12 1
0 4 0
1 6 0
0 2 0
1 1 0
0 0 0
0 16 0
0 20 0
1 16 2
0 17 1
53
1 11 0
0 12 1
0 10 0
0 20 0
0 4 0
0 14 2
0 6 0
1 11 0
1 17 0
1 19 0
0 19 0
1 8 1
1 17 1
1 8 2
0 9 0
0 19 0
1 9 0
0 11 0
1 14 0
1 18 0
0 19 0
1 15 0
0 10 1
1 9 0
1 17 0
0 19 0
1 17 0
1 5 2
0 17 0
1 20 0
0 5 0
1 16 0
0 20 1
1 0 0
1 6 0
1 11 0
1 8 0
1 14 0
1 7 0
1 17 1
0 2 1
1 2 1
0 17 0
0 14 0
1 18 0
0 19 0
1 9 0
0 7 0
1 9 0
1 16 0
0 3 0
1 15 0
0 11 0
44
0 2 0
1 19 0
0 15 0
1 0 1
0 2 0
0 8 0
0 20 2
1 14 0
0 13 1
1 17 0
0 6 0
0 13 0
1 14 0
1 18 0
0 12 0
0 12 0
1 4 0
1 17 0
1 9 1
1 9 0
0 10 0
1 20 0
0 6 0
1 0 0
0 8 0
0 8 3
0 10 0
1 16 0
1 6 2
0 8 0
0 11 1
1 20 0
1 1 0
0 4 0
0 15 0
1 0 0
1 4 1
0 1 0
1 12 0
0 1 0
1 20 0
1 6 0
0 17 0
1 6 0
36
1 20 2
0 12 0
0 10 0
1 17 0
0 17 3
0 4 0
1 13 0
1 14 0
1 12 0
0 2 0
1 8 0
0 8 0
0 1 0
0 10 0
0 7 0
0 8 1
1 17 0
0 0 0
1 18 0
0 6 1
1 0 0
0 16 0
1 7 0
1 12 0
1 17 0
1 0 0
0 8 1
1 2 0
1 3 0
1 6 0
0 3 1
0 8 0
0 5 0
1 7 2
0 19 0
1 4 0
55
1 12 0
0 6 0
0 16 0
1 7 2
0 0 0
0 13 0
1 4 0
1 9 0
1 18 0
1 3 0
0 3 0
1 1 0
1 3 0
0 13 0
1 19 1
1 20 1
0 3 0
1 11 0
1 15 0
1 4 0
0 15 0
1 2 0
1 18 0
0 2 0
1 0 0
1 18 0
1 15 0
1 2 0
0 5 2
0 16 0
0 18 0
0 11 0
0 11 0
1 14 0
1 3 0
0 16 1
1 2 0
0 9 0
0 14 0
0 2 0
1 14 2
0 15 1
0 16 1
0 13 0
0 8 0
1 19 0
0 17 0
0 17 0
0 17 0
1 8 0
0 19 0
1 13 0
1 10 0
0 19 0
0 0 0
25
1 15 0
1 17 0
1 17 0
0 20 0
1 19 0
1 17 0
1 0 0
0 15 0
0 2 0
0 6 1
0 18 0
1 1 0
0 11 0
0 1 0
1 10 0
0 2 0
1 11 1
0 9 2
1 12 0
0 2 0
1 20 0
1 5 0
1 16 0
1 6 0
1 18 1
33
1 15 1
0 13 0
1 15 0
1 11 0
1 0 0
1 19 0
1 10 0
0 19 0
1 0 0
1 13 0
0 2 1
0 16 0
0 9 0
1 0 0
0 20 4
1 5 0
0 3 0
1 11 0
0 14 0
0 3 0
1 13 0
0 10 0
0 16 0
0 9 0
0 11 0
1 0 0
0 2 0
1 4 1
0 19 0
0 2 2
1 6 0
0 0 0
0 9 0
47
0 0 0
0 10 1
1 2 1
1 11 0
1 16 0
1 17 2
0 0 0
0 14 0
0 16 0
1 11 0
1 5 0
0 0 0
1 14 1
0 3 0
1 19 1
0 16 0
0 17 0
1 13 0
0 10 0
0 13 2
0 12 1
0 15 0
1 13 1
0 18 0
1 18 0
0 3 1
0 19 0
1 15 0
1 4 1
1 16 0
1 16 1
0 18 0
0 19 0
1 12 0
0 14 0
1 3 2
1 15 0
1 0 0
0 12 0
1 1 0
0 3 0
1 6 0
0 11 1
1 4 0
0 7 0
0 9 0
0 1 0
11
1 9 0
0 3 2
0 5 1
0 2 0
1 9 0
1 6 0
0 14 0
1 20 0
0 16 0
1 1 0
1 5 0
69
0 20 1
1 18 0
0 11 0
1 6 0
0 16 0
1 4 0
1 4 0
0 17 0
0 15 2
0 8 0
1 7 0
0 16 1
0 7 1
1 19 2
1 18 0
1 20 0
0 4 0
1 0 0
0 1 0
1 1 0
0 16 0
0 7 0
0 11 0
1 9 0
0 18 0
1 19 0
0 9 0
0 18 0
0 20 0
1 13 0
0 19 0
1 18 0
1 19 0
1 14 0
0 19 0
0 2 0
1 5 0
1 20 0
0 2 0
0 17 0
0 19 0
1 4 0
0 15 0
0 11 0
0 19 0
1 11 0
0 5 0
0 6 1
0 14 0
1 10 1
1 18 0
0 6 0
1 14 0
1 16 0
0 16 1
1 2 0
1 1 0
1 17 0
1 3 0
1 8 0
0 19 1
0 11 0
0 2 0
0 5 0
1 3 0
0 8 0
1 16 0
0 4 1
1 16 0
78
1 7 0
1 18 0
1 11 0
0 1 0
0 13 0
1 0 1
1 11 0
1 19 1
1 9 2
1 6 1
0 18 0
0 7 0
0 9 0
0 9 0
0 6 0
1 3 0
1 16 1
0 7 1
0 6 0
1 14 0
1 13 0
1 6 1
0 8 0
0 14 1
1 13 0
0 14 0
0 13 0
1 10 0
1 1 0
0 6 0
0 6 0
1 3 0
0 13 0
1 17 2
0 9 0
0 10 0
1 20 0
1 18 0
1 10 2
1 13 0
1 2 0
0 1 0
1 9 1
0 6 0
1 6 0
0 14 1
0 10 0
0 15 0
1 0 0
0 8 0
0 2 1
1 9 0
0 8 0
1 9 0
1 9 0
0 15 2
1 0 0
1 0 0
1 6 0
1 5 0
1 19 1
0 5 1
1 10 1
0 20 0
1 8 1
0 20 0
1 9 1
1 17 0
0 10 0
1 0 1
1 3 0
0 19 0
0 0 0
0 5 0
1 0 0
1 12 0
1 5 0
0 20 0
2
0 13 0
0 15 0
10
0 20 20
0 20 20
0 20 20
0 20 20
0 20 20
0 20 20
0 20 20
0 20 20
0 20 20
0 20 20
70
0 20 20
0 20 20
0 20 20
0 20 20
0 20 20
0 20 20
0 20 20
0 20 20
0 20 20
0 20 20
0 20 20
0 20 20
0 20 20
0 20 20
0 20 20
0 20 20
0 20 20
0 20 20
0 20 20
0 20 20
0 20 20
0 20 20
0 20 20
0 20 20
0 20 20
0 20 20
0 20 20
0 20 20
0 20 20
0 20 20
0 20 20
0 20 20
0 20 20
0 20 20
0 20 20
0 20 20
0 20 20
0 20 20
0 20 20
0 20 20
0 20 20
0 20 20
0 20 20
0 20 20
0 20 20
0 20 20
0 20 20
0 20 20
0 20 20
0 20 20
0 20 20
0 20 20
0 20 20
0 20 20
0 20 20
0 20 20
0 20 20
0 20 20
0 20 20
0 20 20
0 20 20
0 20 20
0 20 20
0 20 20
0 20 20
0 20 20
0 20 20
0 20 20
0 20 20
0 20 20
10
1 20 20
1 20 20
1 20 20
1 20 20
1 20 20
1 20 20
1 20 20
1 20 20
1 20 20
1 20 20
70
1 20 0
1 20 0
1 20 0
1 20 0
1 20 0
1 20 0
1 20 0
1 20 0
1 20 0
1 20 0
1 20 0
1 20 0
1 20 0
1 20 0
1 20 0
1 20 0
1 20 0
1 20 0
1 20 0
1 20 0
1 20 0
1 20 0
1 20 0
1 20 0
1 20 0
1 20 0
1 20 0
1 20 0
1 20 0
1 20 0
1 20 0
1 20 0
1 20 0
1 20 0
1 20 0
1 20 0
1 20 0
1 20 0
1 20 0
1 20 0
1 20 0
1 20 0
1 20 0
1 20 0
1 20 0
1 20 0
1 20 0
1 20 0
1 20 0
1 20 0
1 20 0
1 20 0
1 20 0
1 20 0
1 20 0
1 20 0
1 20 0
1 20 0
1 20 0
1 20 0
1 20 0
1 20 0
1 20 0
1 20 0
1 20 0
1 20 0
1 20 0
1 20 0
1 20 0
1 20 0
32
1 4 0
0 17 0
0 12 1
0 20 0
1 2 1
1 6 0
0 9 0
1 4 0
0 12 0
1 19 0
0 18 0
1 19 1
1 3 0
0 20 0
1 1 0
1 16 0
1 7 0
0 6 1
1 3 1
0 8 0
0 17 0
1 0 0
0 2 0
1 7 0
1 13 0
1 12 0
0 15 0
1 5 1
0 10 0
1 0 0
1 2 0
1 15 0
48
0 6 0
1 18 0
1 7 0
0 6 0
0 16 0
1 18 2
0 1 0
1 18 0
0 16 0
0 4 0
1 12 0
0 6 0
0 6 0
1 0 0
0 1 0
0 20 0
1 12 0
0 20 0
0 8 0
1 6 0
0 10 0
0 13 0
1 1 0
0 4 0
1 1 3
0 9 0
1 7 0
1 2 0
1 15 0
1 19 0
0 17 0
1 17 1
1 6 1
1 11 0
0 3 0
0 3 0
0 5 0
1 11 0
1 7 0
1 2 1
1 17 0
1 17 0
0 10 1
1 14 0
1 7 0
0 14 2
1 15 2
0 2 0
61
1 13 0
1 4 0
1 9 0
1 4 1
1 18 1
0 10 1
1 16 0
0 13 0
1 5 0
1 7 1
0 9 0
1 8 0
0 0 0
1 5 0
0 3 1
0 7 0
0 3 1
1 16 0
0 1 0
0 5 0
0 19 2
0 9 0
1 14 0
0 20 0
1 0 0
0 7 1
1 11 1
1 3 0
1 17 0
1 5 0
0 4 0
0 2 1
0 6 0
1 6 0
1 0 0
1 2 0
1 18 0
0 17 0
1 17 0
1 17 0
0 2 0
0 9 0
0 0 0
0 10 0
0 8 0
1 18 0
1 18 0
0 13 1
0 17 0
1 4 0
0 15 0
0 16 1
1 11 0
1 8 0
1 1 0
1 7 0
0 3 0
0 16 0
1 20 0
1 1 0
1 7 0
19
0 9 0
1 15 0
0 14 0
1 10 0
1 4 0
1 13 0
0 8 0
1 20 0
1 2 0
0 6 0
1 3 3
1 0 0
1 2 0
1 1 0
0 0 0
0 5 0
1 0 0
1 13 0
0 0 0
8
1 17 1
1 18 1
0 0 0
0 1 0
0 11 0
0 6 0
0 15 0
1 13 0
72
1 16 0
1 12 1
1 11 0
1 20 0
1 8 1
1 8 0
0 12 0
0 7 2
1 8 1
0 3 1
1 18 0
1 6 0
0 3 0
1 5 1
0 0 0
0 4 0
1 19 0
0 17 4
1 12 0
1 19 3
1 8 0
1 11 0
0 5 0
1 11 0
1 6 0
1 10 0
1 8 0
1 11 0
1 1 1
0 18 1
1 18 0
1 6 0
1 11 3
0 16 0
0 4 0
0 12 0
0 19 0
0 15 0
1 13 0
1 2 0
0 6 0
0 7 3
0 19 0
1 17 0
1 11 0
0 8 0
1 17 0
0 5 0
1 17 0
1 18 2
0 13 1
0 13 0
1 7 0
0 5 0
1 8 0
1 5 0
1 0 0
0 12 0
0 1 0
1 19 0
0 1 0
0 10 0
1 13 0
0 7 0
1 15 0
0 15 0
1 11 0
1 1 0
0 2 1
0 19 0
1 13 0
0 19 0
72
0 13 0
1 0 0
1 8 0
1 7 0
1 4 0
0 16 0
1 14 0
1 8 0
1 12 0
1 9 1
1 2 0
1 20 0
0 8 1
1 1 0
0 15 0
1 10 1
0 19 0
1 4 0
0 16 0
0 7 0
0 8 0
0 19 0
1 19 0
0 10 1
1 17 1
1 17 0
1 5 1
0 16 0
1 13 1
1 7 0
1 5 0
1 0 0
1 17 0
0 12 1
1 13 0
1 14 0
0 14 0
0 0 0
1 3 0
0 1 2
0 5 0
1 20 3
0 17 0
1 5 0
1 18 0
1 5 0
0 18 0
1 20 0
0 8 0
1 3 0
1 15 0
1 12 3
1 12 0
1 8 0
0 3 0
1 6 0
1 11 0
0 9 0
0 6 0
0 2 0
1 9 0
0 8 2
1 20 0
1 10 0
0 10 0
1 3 0
0 20 1
1 6 0
1 17 0
0 13 0
1 4 0
1 10 0
8
0 3 0
1 12 1
0 17 0
0 16 1
0 7 0
1 14 0
1 13 0
0 7 0
49
0 14 0
1 3 0
0 14 0
1 18 1
1 4 0
0 12 0
1 14 0
1 0 0
1 2 0
0 17 0
1 6 0
1 1 0
1 5 0
0 6 0
0 10 0
0 4 0
1 12 0
0 4 0
0 2 1
1 18 0
0 20 0
1 11 0
0 9 0
0 11 0
1 15 0
0 12 1
0 19 0
0 7 0
1 2 0
1 19 0
0 17 0
0 16 1
0 5 1
1 12 0
0 11 2
1 19 0
0 19 0
1 14 0
0 10 0
1 14 0
0 13 1
0 18 0
1 4 2
1 18 2
0 2 1
1 16 0
0 15 0
1 6 0
0 19 0
31
1 1 0
0 1 0
1 7 0
1 10 0
1 8 0
0 13 0
0 7 0
1 8 0
1 8 1
0 19 0
1 12 0
0 3 0
1 9 0
0 9 0
0 7 1
0 12 0
1 11 0
0 8 0
1 15 0
1 4 1
0 7 1
0 19 0
0 11 1
0 8 2
0 15 0
0 9 1
0 11 2
1 9 0
0 10 0
0 19 0
0 8 0
30
1 10 0
0 12 0
0 3 1
0 2 2
0 8 0
0 14 0
1 9 0
1 6 0
0 14 0
0 8 0
1 1 0
0 16 1
0 13 0
1 3 0
0 13 0
0 8 0
1 1 1
1 6 2
1 17 0
1 15 0
1 3 1
1 11 0
0 13 0
1 4 0
1 19 0
0 2 1
1 3 3
1 11 0
0 1 0
0 13 0
50
1 5 0
1 6 0
1 16 0
0 19 0
0 1 1
1 0 0
0 19 0
0 0 0
1 9 0
1 4 2
1 12 0
0 11 0
1 10 0
0 4 0
1 3 2
1 6 1
1 13 1
0 11 0
1 16 0
0 4 0
1 4 0
0 2 0
1 3 0
1 5 1
1 1 0
1 20 1
1 16 0
0 0 0
1 0 0
1 16 0
1 4 0
0 11 0
1 16 0
1 2 0
1 3 0
1 11 0
1 2 0
0 2 0
1 7 0
1 12 0
0 7 2
0 0 0
0 6 1
0 4 0
0 18 1
1 6 0
0 3 0
0 10 0
1 14 0
0 12 0
38
1 3 0
1 8 0
0 15 0
0 14 0
0 7 0
1 20 0
1 16 0
0 12 0
1 13 0
0 8 0
0 11 0
1 19 0
1 8 0
1 19 3
0 18 1
0 13 0
1 5 0
1 6 0
1 18 0
1 16 0
1 5 0
0 13 0
1 2 0
1 20 0
0 11 0
0 2 0
0 12 2
1 15 0
1 16 0
1 2 0
0 10 0
0 7 0
0 20 0
1 11 0
0 8 0
0 18 1
1 7 0
1 8 0
42
0 15 0
0 13 1
1 11 1
1 13 0
0 19 0
0 3 0
1 7 0
1 4 0
0 5 0
0 5 0
0 10 0
0 5 0
1 0 2
1 2 0
1 14 1
1 9 0
0 20 0
0 12 2
0 0 0
0 10 0
1 7 0
0 2 0
0 8 1
1 5 1
0 7 2
1 7 1
0 12 0
1 3 1
0 5 0
0 12 0
1 14 0
1 13 0
1 7 1
1 19 0
0 10 0
0 4 0
0 8 0
1 1 1
0 9 0
1 10 1
0 8 0
1 5 0
74
1 1 1
0 15 0
1 5 1
0 10 0
0 12 0
0 11 1
0 18 1
1 18 0
1 2 0
1 9 0
0 17 0
1 15 0
0 5 0
0 18 0
0 12 0
1 8 0
0 3 0
0 3 0
1 20 0
1 0 0
1 11 0
0 4 0
0 1 1
0 5 0
0 10 0
0 5 0
1 8 0
1 5 0
1 0 0
1 10 0
0 9 0
0 5 0
1 20 1
1 10 0
1 10 1
0 10 0
0 15 1
0 16 0
0 20 0
1 6 0
0 2 0
0 4 1
0 3 0
0 18 0
0 10 0
0 13 0
0 16 0
0 10 1
0 18 0
0 3 0
0 1 0
0 8 0
0 16 0
1 19 1
1 14 0
1 17 0
0 8 0
1 7 0
1 14 0
1 19 0
1 7 0
0 0 0
0 4 0
0 11 0
0 8 0
1 16 0
0 10 0
1 3 0
1 9 0
0 12 0
0 14 0
1 15 0
1 12 0
0 17 0
6
0 9 0
1 12 2
1 16 1
1 9 1
1 2 0
1 11 1
34
0 7 0
0 15 0
0 19 0
1 8 0
0 8 2
1 10 1
1 3 0
0 19 0
1 14 0
1 3 0
0 7 0
1 3 0
0 9 0
0 3 0
1 17 0
1 4 0
1 16 0
1 14 0
0 4 0
1 1 3
0 4 0
1 10 0
1 16 0
1 7 0
0 17 1
1 15 0
0 19 0
0 3 0
1 3 0
0 14 0
0 2 1
0 9 0
1 15 1
0 6 1
46
0 17 0
0 17 0
0 9 0
1 2 0
1 13 0
0 18 2
0 5 0
1 12 3
1 7 0
1 0 0
0 18 0
1 13 0
1 13 0
1 1 0
0 11 1
0 0 0
1 13 1
0 9 0
1 12 0
1 18 2
1 0 0
0 10 0
0 4 0
1 12 0
0 1 0
0 9 0
0 10 0
1 16 1
0 14 0
0 2 1
1 16 0
0 4 0
0 17 0
0 1 0
0 20 0
0 14 1
1 12 0
1 8 0
0 1 1
1 14 1
0 0 0
0 3 0
1 18 0
0 15 0
0 6 0
1 2 0
11
1 8 0
0 20 0
0 10 1
1 1 0
0 14 0
0 14 1
0 14 0
1 14 0
1 17 0
1 4 0
0 11 1
69
1 5 1
1 6 0
0 1 0
0 17 0
1 6 1
1 1 0
0 9 0
0 7 0
0 15 0
1 18 0
1 7 0
1 13 1
0 17 0
1 15 1
1 13 0
0 11 0
0 6 2
0 16 1
0 14 0
0 6 0
1 17 0
0 10 0
1 6 0
1 17 0
1 19 0
1 0 0
0 10 0
1 9 0
0 5 0
1 13 1
0 3 0
1 9 0
0 9 0
1 7 0
0 13 0
0 7 0
0 14 0
1 14 0
1 5 0
0 12 0
1 9 0
0 14 0
1 7 0
0 4 0
0 2 0
1 19 0
0 8 0
1 11 0
0 10 0
1 18 0
0 6 0
1 7 0
1 7 0
0 1 0
0 12 0
0 15 0
1 0 0
0 14 1
0 9 0
0 15 0
0 16 1
0 20 0
1 17 0
1 4 0
1 0 3
0 20 0
1 13 0
1 18 0
0 11 0
10
1 20 20
1 20 20
1 20 20
1 20 20
1 20 20
1 20 20
1 20 20
1 20 20
1 20 20
1 20 20
70
1 20 20
1 20 20
1 20 20
1 20 20
1 20 20
1 20 20
1 20 20
1 20 20
1 20 20
1 20 20
1 20 20
1 20 20
1 20 20
1 20 20
1 20 20
1 20 20
1 20 20
1 20 20
1 20 20
1 20 20
1 20 20
1 20 20
1 20 20
1 20 20
1 20 20
1 20 20
1 20 20
1 20 20
1 20 20
1 20 20
1 20 20
1 20 20
1 20 20
1 20 20
1 20 20
1 20 20
1 20 20
1 20 20
1 20 20
1 20 20
1 20 20
1 20 20
1 20 20
1 20 20
1 20 20
1 20 20
1 20 20
1 20 20
1 20 20
1 20 20
1 20 20
1 20 20
1 20 20
1 20 20
1 20 20
1 20 20
1 20 20
1 20 20
1 20 20
1 20 20
1 20 20
1 20 20
1 20 20
1 20 20
1 20 20
1 20 20
1 20 20
1 20 20
1 20 20
1 20 20
9
1 5 0
1 0 0
1 14 0
0 1 0
1 6 0
0 19 1
1 2 0
0 15 0
0 19 0
71
0 20 2
1 8 0
1 20 0
1 3 0
0 6 0
1 1 0
0 6 0
0 8 0
1 20 0
1 16 0
0 7 1
0 20 0
0 3 0
1 11 2
0 0 0
0 16 0
1 9 0
1 16 0
1 15 0
1 12 0
0 7 0
1 5 2
1 4 1
1 5 0
1 14 0
1 3 0
1 3 0
1 3 0
1 8 0
0 1 2
0 20 0
1 6 0
1 6 0
0 1 0
0 18 0
1 6 0
1 3 0
1 5 0
1 14 1
1 0 1
1 18 0
1 14 0
0 3 0
1 14 0
0 10 0
0 13 0
1 19 0
0 13 0
1 20 0
1 4 0
1 14 0
1 11 1
0 17 0
0 14 0
1 5 0
0 11 1
1 20 0
0 0 0
0 7 0
0 7 0
0 9 0
0 18 1
1 17 0
0 20 3
0 4 0
1 6 0
0 1 0
0 3 0
1 7 0
0 11 0
1 5 0
29
0 10 0
0 10 0
0 3 0
0 10 0
1 3 0
1 6 0
1 2 1
1 15 0
1 12 1
0 8 0
0 3 0
1 10 0
1 12 2
1 1 0
1 1 0
1 0 0
0 16 0
1 9 0
0 6 0
1 14 0
0 18 0
0 2 0
1 12 1
0 16 1
0 2 0
0 2 0
0 3 1
1 3 1
0 13 0
51
1 17 0
0 5 0
1 4 3
0 4 1
1 9 0
1 2 0
0 12 0
0 20 0
1 9 0
0 13 0
0 10 0
0 1 0
1 16 0
1 18 0
0 0 2
1 20 1
0 14 0
1 11 1
1 7 0
0 13 0
0 14 0
1 18 0
0 4 0
0 2 0
1 17 2
0 20 0
0 17 0
0 13 0
0 15 0
0 4 0
1 7 0
0 19 0
0 0 0
0 0 0
1 10 1
0 7 0
1 12 0
1 12 0
0 11 0
0 14 0
0 18 0
1 18 0
0 18 0
1 17 0
1 0 0
1 9 0
1 17 0
1 7 0
0 11 0
0 14 0
0 1 0
27
1 6 0
1 6 0
0 20 0
0 0 0
1 9 1
1 15 1
0 2 0
0 19 1
1 8 0
0 1 0
0 19 0
0 5 0
1 2 0
1 19 0
0 2 0
0 2 0
0 13 0
0 13 0
1 12 2
0 14 0
1 6 0
1 18 0
1 12 0
1 20 1
0 4 0
0 8 0
1 19 1
53
0 19 0
0 5 1
1 6 0
1 19 0
0 19 0
0 13 0
1 6 0
0 15 1
1 10 0
0 9 3
1 20 0
0 9 0
0 15 0
0 14 1
1 16 0
1 12 0
0 14 0
0 1 3
0 20 0
1 2 0
1 19 0
0 8 2
0 14 0
0 10 0
1 4 0
0 6 0
1 5 3
0 19 1
1 20 0
0 0 0
1 5 0
1 3 0
1 11 1
1 0 0
1 13 0
0 15 0
0 8 0
1 16 0
0 19 0
0 7 0
0 18 1
1 18 1
1 13 0
0 20 1
0 0 0
0 6 0
1 5 0
1 18 0
0 18 0
0 0 0
0 9 0
0 3 0
1 15 0
15
1 9 0
0 8 0
1 2 1
0 0 0
0 18 0
0 18 1
1 5 0
1 5 0
0 12 0
1 16 0
1 18 0
1 0 0
1 0 0
0 15 0
1 15 0
65
0 12 0
1 14 0
0 19 0
1 12 1
0 1 0
0 10 0
0 7 0
1 11 0
0 15 0
0 9 0
1 14 0
1 17 0
0 8 1
0 15 0
1 4 0
0 14 0
1 13 1
0 3 0
0 16 0
1 8 0
0 19 0
1 4 0
1 0 0
0 19 0
0 15 0
1 17 0
1 3 0
0 0 0
0 3 0
1 16 0
0 19 0
0 19 1
0 16 0
1 17 0
0 9 1
1 8 0
0 9 0
1 12 2
1 7 0
0 16 1
0 5 0
0 9 0
0 1 0
1 15 0
0 1 0
1 17 0
1 15 1
1 10 0
1 11 0
1 5 2
0 17 0
0 7 0
1 14 0
0 20 0
0 5 0
0 16 0
1 0 0
0 8 0
1 20 2
1 5 0
1 15 0
0 14 0
1 1 1
1 19 0
1 8 0
18
0 5 0
1 10 0
0 20 0
1 8 0
1 15 0
0 6 1
0 17 0
0 7 0
0 13 1
1 15 0
1 10 0
1 9 0
1 10 0
0 17 0
1 9 0
1 13 1
1 20 0
1 16 0
62
1 14 0
1 13 0
0 9 1
1 5 1
0 7 0
0 7 2
1 10 1
1 19 0
0 18 0
0 4 0
0 10 1
0 13 0
1 10 0
0 20 0
0 15 0
1 0 0
0 14 0
0 14 0
1 12 0
0 7 0
1 5 0
0 6 0
0 18 0
0 11 0
1 7 1
0 17 0
0 6 0
0 3 0
1 20 1
0 14 1
0 5 0
0 17 0
1 18 0
0 6 0
0 16 0
1 7 0
0 12 0
0 3 0
1 5 1
0 14 0
0 8 3
0 20 1
1 9 1
0 4 0
1 16 0
0 6 0
1 3 0
1 17 0
0 3 0
1 2 0
0 19 0
1 7 0
0 16 0
1 9 0
1 19 0
1 8 0
1 2 0
0 9 0
0 18 0
1 17 0
0 14 0
0 9 1
10
1 20 20
0 20 20
0 20 20
0 20 20
1 20 20
1 20 20
1 20 20
0 20 20
1 20 20
0 20 20
70
0 20 20
1 20 20
0 20 20
0 20 20
1 20 20
0 20 20
0 20 20
1 20 20
0 20 20
0 20 20
0 20 20
0 20 20
0 20 20
0 20 20
0 20 20
1 20 20
0 20 20
1 20 20
1 20 20
1 20 20
0 20 20
1 20 20
1 20 20
1 20 20
1 20 20
1 20 20
0 20 20
0 20 20
0 20 20
0 20 20
0 20 20
0 20 20
0 20 20
0 20 20
0 20 20
1 20 20
0 20 20
0 20 20
1 20 20
1 20 20
1 20 20
0 20 20
1 20 20
1 20 20
0 20 20
0 20 20
0 20 20
1 20 20
1 20 20
1 20 20
0 20 20
0 20 20
0 20 20
0 20 20
0 20 20
0 20 20
0 20 20
1 20 20
0 20 20
1 20 20
0 20 20
0 20 20
1 20 20
0 20 20
1 20 20
0 20 20
1 20 20
1 20 20
0 20 20
0 20 20
28
0 4 0
1 5 0
0 13 0
0 3 0
1 20 0
0 3 0
0 17 0
0 6 0
0 5 0
0 13 0
1 17 0
1 6 0
0 2 0
1 11 0
0 6 0
0 14 1
1 14 0
1 7 1
1 9 0
1 18 0
1 11 0
1 3 1
0 0 0
1 1 0
0 2 0
1 7 1
0 12 0
1 7 0
52
0 5 0
0 0 0
1 18 1
1 14 0
0 14 1
0 11 1
1 12 0
1 0 0
0 3 0
0 18 1
1 17 0
0 19 0
0 14 1
0 2 1
0 13 0
0 9 0
1 12 0
1 8 0
0 11 0
1 3 0
1 13 0
0 10 0
0 15 0
1 9 0
1 16 0
1 10 1
0 15 0
1 6 0
0 12 0
1 13 0
0 15 0
0 11 0
0 1 0
1 14 0
0 20 0
1 18 0
1 11 0
0 18 0
0 9 0
1 18 0
1 10 0
0 6 0
1 12 0
1 4 0
0 15 0
0 10 0
0 13 0
1 0 1
0 11 0
0 10 0
1 15 0
1 15 1
30
0 3 0
0 0 0
0 6 0
0 1 0
1 19 0
0 13 0
0 18 0
0 2 1
0 7 0
1 18 1
1 20 2
1 0 0
1 20 3
1 10 0
1 10 0
0 8 1
1 13 1
0 3 0
1 20 1
1 2 0
1 18 0
1 8 1
1 19 0
1 6 0
0 2 1
0 15 0
1 7 0
1 0 1
0 3 0
1 19 0
50
1 3 0
0 19 0
1 11 0
1 10 4
1 13 0
0 13 1
0 8 0
1 19 0
0 1 0
0 6 0
1 9 0
1 6 0
1 15 1
1 20 0
1 1 1
1 18 0
0 12 2
0 9 0
0 9 1
0 13 0
0 16 0
1 3 0
1 5 0
1 8 0
0 8 1
1 16 0
0 9 0
0 19 0
0 15 0
1 14 0
1 10 0
1 10 0
1 1 0
0 17 0
1 10 0
1 13 0
0 11 0
1 4 0
1 5 0
1 12 0
0 15 0
1 16 0
0 11 0
0 3 0
1 5 0
1 3 1
1 14 0
0 2 0
1 2 0
1 9 0
60
0 13 0
1 1 0
1 6 1
0 0 0
0 8 0
1 7 0
0 7 0
0 3 0
1 13 0
1 10 0
1 16 0
0 1 0
1 18 0
0 13 0
1 4 0
1 18 1
1 1 0
1 4 1
0 10 1
0 17 1
1 19 0
1 19 0
1 5 0
1 5 0
0 1 0
1 14 0
1 9 0
1 3 0
1 16 0
1 0 0
0 12 0
1 20 0
1 9 0
1 7 0
1 18 0
0 1 0
0 19 0
0 14 0
1 11 1
0 5 0
0 7 0
1 14 0
1 12 0
1 7 1
1 3 2
0 0 0
0 20 1
1 18 0
1 6 0
0 17 0
0 11 0
0 15 0
1 18 0
1 14 1
0 0 0
1 18 2
1 10 1
1 1 0
1 17 0
0 20 0
20
1 15 0
0 18 1
0 10 0
0 8 0
0 17 0
0 19 0
0 5 0
1 6 0
0 6 0
0 3 0
0 13 0
1 17 0
1 13 0
0 1 1
0 13 0
1 2 0
0 9 0
1 6 1
1 19 2
0 19 0
52
1 1 0
0 17 0
0 12 0
1 9 0
1 8 1
0 1 0
1 2 0
1 6 0
0 8 2
0 6 2
1 12 0
0 15 0
0 8 0
0 8 0
0 14 0
0 17 0
1 12 0
1 2 0
1 3 0
1 10 0
0 7 0
1 18 0
0 1 0
0 16 0
1 3 0
0 14 0
1 9 0
0 0 0
1 10 1
0 14 0
1 9 2
0 7 0
1 19 0
0 4 0
0 18 0
0 10 0
1 16 0
0 19 0
1 6 0
1 4 2
0 1 1
1 17 0
0 16 0
0 19 0
0 2 3
1 18 3
0 15 0
0 8 2
1 9 0
0 10 0
1 12 0
0 5 2
28
0 18 0
0 1 3
1 2 1
1 15 0
0 16 0
1 8 0
1 18 0
0 2 0
0 20 0
1 16 0
1 16 0
1 0 1
1 18 0
0 3 0
1 10 0
1 8 0
1 14 0
0 1 1
1 14 0
1 17 0
1 18 0
1 18 0
1 20 0
1 4 0
0 4 0
0 10 0
0 10 0
0 0 0
10
1 1 0
0 3 0
1 15 0
0 15 0
0 13 0
0 5 0
1 11 1
0 19 0
1 3 0
0 11 0
70
1 12 0
0 5 2
0 15 1
1 18 0
0 9 0
0 17 1
1 13 0
1 0 0
0 10 0
1 8 1
1 19 1
0 9 0
0 16 0
0 20 0
0 5 1
0 17 0
0 8 1
1 18 0
0 11 0
1 5 0
1 13 0
1 9 0
1 10 0
1 4 1
0 13 2
1 2 0
1 13 0
0 15 0
1 2 0
0 16 0
1 14 1
1 10 0
1 5 0
0 2 1
0 15 0
0 14 1
1 13 0
1 15 0
1 6 0
1 8 0
1 20 0
1 0 0
1 13 0
0 17 0
1 9 0
1 4 0
0 13 0
1 18 0
0 2 0
0 12 1
0 1 0
1 15 0
1 4 0
1 7 0
0 10 0
0 8 0
1 17 0
0 1 0
0 20 0
1 9 0
0 18 0
1 18 1
1 12 0
0 8 1
0 15 0
0 4 0
1 13 0
0 13 2
1 11 0
0 18 0
33
1 5 0
0 4 0
1 12 0
0 6 0
1 16 0
1 10 0
0 2 0
1 1 0
1 14 0
0 8 0
0 17 0
1 18 0
1 0 0
1 20 0
1 10 0
0 3 0
1 20 0
1 15 0
1 9 0
0 7 0
1 9 0
1 16 0
1 2 0
0 20 1
0 8 0
0 5 0
1 5 0
1 12 1
0 6 0
1 0 0
1 9 0
1 13 0
0 6 0
47
0 16 0
0 12 0
0 11 0
0 3 0
1 19 3
1 4 0
1 16 1
0 7 1
0 11 0
1 10 0
1 15 0
0 16 0
0 9 0
1 15 0
1 3 1
0 8 0
1 17 0
0 7 0
0 10 0
1 14 0
0 2 0
1 1 0
0 20 0
0 12 0
1 18 0
0 9 0
0 11 0
1 1 0
1 4 0
1 15 0
1 1 0
0 3 1
0 20 0
1 13 0
0 3 0
0 16 0
1 13 0
1 9 2
1 10 0
0 2 0
0 9 0
0 20 0
1 9 0
0 0 3
1 8 0
0 11 0
0 5 4
20
0 20 20
1 20 20
1 20 20
0 20 20
0 20 20
0 20 20
1 20 20
1 20 20
1 20 20
1 20 20
0 20 20
1 20 20
0 20 20
1 20 20
0 20 20
0 20 20
1 20 20
0 20 20
1 20 20
1 20 20
60
1 20 20
1 20 20
0 20 20
0 20 20
0 20 20
1 20 20
0 20 20
0 20 20
0 20 20
1 20 20
0 20 20
1 20 20
0 20 20
1 20 20
1 20 20
0 20 20
0 20 20
0 20 20
1 20 20
0 20 20
1 20 20
0 20 20
0 20 20
1 20 20
1 20 20
1 20 20
0 20 20
0 20 20
1 20 20
0 20 20
0 20 20
1 20 20
1 20 20
0 20 20
0 20 20
0 20 20
1 20 20
1 20 20
1 20 20
1 20 20
1 20 20
1 20 20
0 20 20
0 20 20
1 20 20
0 20 20
0 20 20
1 20 20
0 20 20
0 20 20
0 20 20
1 20 20
0 20 20
1 20 20
1 20 20
1 20 20
0 20 20
0 20 20
0 20 20
0 20 20
10
0 20 20
0 20 20
0 20 20
0 20 20
0 20 20
0 20 20
0 20 20
0 20 20
0 20 20
0 20 20
70
0 20 0
0 20 0
0 20 0
0 20 0
0 20 0
0 20 0
0 20 0
0 20 0
0 20 0
0 20 0
0 20 0
0 20 0
0 20 0
0 20 0
0 20 0
0 20 0
0 20 0
0 20 0
0 20 0
0 20 0
0 20 0
0 20 0
0 20 0
0 20 0
0 20 0
0 20 0
0 20 0
0 20 0
0 20 0
0 20 0
0 20 0
0 20 0
0 20 0
0 20 0
0 20 0
0 20 0
0 20 0
0 20 0
0 20 0
0 20 0
0 20 0
0 20 0
0 20 0
0 20 0
0 20 0
0 20 0
0 20 0
0 20 0
0 20 0
0 20 0
0 20 0
0 20 0
0 20 0
0 20 0
0 20 0
0 20 0
0 20 0
0 20 0
0 20 0
0 20 0
0 20 0
0 20 0
0 20 0
0 20 0
0 20 0
0 20 0
0 20 0
0 20 0
0 20 0
0 20 0
71
1 8 1
1 4 0
1 2 0
1 4 0
0 12 1
1 2 0
1 5 0
0 2 0
0 5 0
1 4 0
1 19 0
1 17 0
1 4 0
0 12 0
1 6 0
1 1 0
0 10 0
0 7 0
1 1 1
1 2 1
0 18 0
1 7 1
1 20 0
0 11 0
1 2 0
1 17 0
0 15 0
1 4 0
1 7 0
0 4 1
1 16 0
1 17 0
0 12 0
1 12 0
0 18 0
1 20 0
1 9 0
1 12 0
1 10 0
0 18 0
0 2 0
1 13 0
1 15 0
1 3 0
0 14 0
0 20 0
1 20 0
1 5 0
1 7 0
0 20 0
0 12 0
1 11 0
0 11 0
0 9 0
1 17 0
0 3 0
1 13 1
0 15 0
1 3 0
1 0 2
0 20 0
0 15 0
1 1 0
1 20 0
0 19 0
1 17 0
1 19 0
0 16 0
0 1 1
0 7 0
1 10 0
9
1 7 0
1 1 0
0 18 0
0 19 0
0 12 0
1 20 0
1 7 0
1 13 0
1 9 1
51
0 18 0
0 14 0
1 8 0
1 2 0
1 2 0
0 7 0
0 14 0
1 10 0
0 6 1
1 0 0
0 14 0
0 1 0
1 8 1
1 7 0
1 9 0
0 11 0
0 17 1
0 1 0
1 11 0
0 8 1
0 2 0
0 20 1
1 13 0
1 0 0
0 18 0
0 10 2
0 9 0
0 19 2
1 15 0
1 17 0
1 2 1
0 11 2
1 3 0
1 3 0
0 19 0
0 12 0
0 15 1
0 19 0
1 5 0
1 5 0
0 2 1
1 20 0
0 18 0
1 19 0
1 10 0
0 19 0
1 18 0
0 15 0
1 9 0
1 11 0
0 4 0
29
0 2 0
1 0 0
1 18 0
1 1 0
1 9 0
1 0 0
0 19 0
1 8 0
0 7 0
0 12 0
1 18 0
0 15 0
1 15 0
0 9 0
1 12 0
1 0 0
0 14 0
0 0 0
0 9 0
0 9 1
1 12 1
1 0 0
0 9 1
1 8 0
1 20 0
0 14 0
0 2 0
0 6 0
0 20 1
50
0 17 0
0 6 0
1 10 0
0 11 0
1 6 0
1 0 0
0 6 0
1 1 0
1 1 0
1 16 0
0 15 0
0 15 0
1 4 1
0 18 0
0 16 0
1 0 1
0 0 0
1 20 0
1 3 0
1 13 0
0 20 1
0 4 0
1 11 2
1 15 0
1 8 2
1 19 1
1 12 0
0 3 2
0 5 0
0 14 0
1 6 0
1 11 3
0 9 0
1 1 0
1 1 1
1 18 0
1 14 0
1 19 0
0 14 0
1 13 0
1 12 3
1 18 0
1 1 0
0 15 0
0 14 0
1 5 0
0 8 0
1 19 0
0 0 0
1 4 0
30
0 17 0
1 14 0
1 16 0
0 8 0
1 16 0
1 20 0
0 10 0
1 18 0
0 8 0
0 19 0
0 15 0
0 5 0
1 18 0
1 10 0
0 6 0
1 5 0
1 5 0
0 7 0
1 13 0
1 2 0
0 12 0
1 10 0
1 6 1
1 17 0
1 15 1
0 3 4
1 11 0
1 18 0
1 1 0
0 14 2
48
1 1 0
1 12 0
0 19 0
0 11 0
0 12 0
1 13 0
1 19 0
1 4 0
1 15 0
1 19 0
1 5 0
0 5 0
1 7 0
1 13 1
1 8 0
1 16 0
1 12 0
1 2 0
1 13 0
1 15 2
0 1 0
1 5 0
1 19 0
0 20 0
1 1 1
1 3 0
1 3 0
1 11 0
1 5 0
1 4 1
0 10 0
1 7 0
1 9 0
0 11 0
1 13 0
0 19 3
0 17 0
0 10 0
1 13 0
1 4 1
0 4 1
1 15 0
1 18 0
1 16 1
1 1 0
0 6 1
1 8 0
0 19 0
32
1 17 0
1 7 0
0 2 0
0 20 0
0 9 0
0 3 2
1 5 0
0 8 0
1 7 0
0 13 0
1 5 1
0 20 1
0 9 0
1 0 0
0 12 0
0 10 0
1 19 0
0 20 0
0 10 0
0 14 0
1 7 0
1 11 0
0 19 0
0 10 1
0 6 0
1 19 0
0 0 0
0 6 0
0 14 0
1 10 0
1 8 0
1 9 0
50
0 13 0
0 17 0
1 20 0
1 0 0
0 2 0
1 19 0
1 5 0
0 11 0
0 19 0
1 18 0
1 1 0
1 0 0
0 7 3
0 6 0
1 7 0
0 14 2
0 6 0
1 5 1
1 18 0
1 10 0
0 7 0
0 15 0
1 18 0
1 9 0
1 18 0
1 2 0
1 16 1
0 15 0
0 2 0
0 19 0
0 10 0
1 13 0
0 16 0
0 17 0
0 7 0
1 11 0
1 5 0
1 13 0
0 19 0
0 16 1
1 0 0
1 8 0
0 3 0
1 7 0
0 14 0
0 1 0
1 6 0
0 13 0
0 17 0
1 16 1
30
0 12 0
1 6 1
0 6 0
1 3 0
0 8 0
1 3 0
1 10 1
1 20 0
1 3 1
1 0 0
0 14 0
0 14 0
1 13 0
1 19 0
1 6 0
1 17 1
1 0 0
1 12 0
1 7 1
1 17 0
0 17 0
1 11 0
1 3 0
1 4 0
0 1 0
1 13 0
0 13 0
0 14 1
1 5 0
1 17 0
58
1 13 1
1 1 0
1 2 0
0 12 1
1 14 0
0 14 0
0 15 0
1 14 0
0 10 0
1 12 0
0 17 0
0 13 0
1 7 0
1 17 0
0 11 0
0 17 0
0 0 1
1 8 0
1 11 1
1 17 0
1 8 0
0 6 0
0 19 0
0 3 0
1 13 0
0 1 1
1 5 0
0 2 0
0 7 0
0 15 0
0 0 0
1 17 2
0 1 0
0 2 0
0 20 0
0 4 0
1 16 0
0 4 1
0 8 0
0 0 0
0 2 0
1 12 0
1 2 0
0 15 0
0 6 1
1 6 0
1 18 0
1 9 1
0 16 0
0 3 0
0 9 0
1 19 1
1 12 2
0 12 2
1 18 0
1 7 1
0 4 0
1 0 0
22
0 1 0
0 3 0
1 4 0
0 12 0
1 18 1
1 7 0
1 11 1
1 1 0
1 17 0
0 1 0
1 15 0
1 4 0
0 7 0
0 10 0
1 4 0
0 4 0
1 0 1
1 13 0
1 0 0
1 3 1
1 14 1
1 7 0
18
0 15 0
1 2 0
1 18 0
1 19 0
0 9 0
1 19 1
1 3 0
1 7 0
1 13 0
1 6 0
1 20 0
0 14 1
1 0 1
1 4 0
1 7 0
1 12 0
1 16 0
1 3 0
62
0 20 0
0 15 1
0 0 0
1 3 0
0 10 0
1 17 3
0 14 1
0 15 0
0 7 0
1 2 0
1 14 0
1 11 1
0 3 0
0 8 0
0 13 0
0 16 0
1 6 0
1 20 0
1 9 0
1 11 0
0 0 0
1 17 0
0 15 0
0 7 0
0 16 0
1 3 0
0 0 0
0 0 0
0 19 1
0 12 1
1 18 1
0 6 0
0 4 0
1 8 1
1 8 0
1 11 0
0 18 0
0 14 0
1 13 0
1 0 0
1 4 0
1 2 0
0 7 0
1 15 0
0 5 1
0 6 0
1 9 0
1 15 1
1 10 0
1 10 0
0 6 0
1 6 0
1 8 0
1 14 0
0 5 0
0 2 0
1 10 1
1 17 0
0 20 0
1 10 0
1 10 0
1 0 0
72
1 16 1
1 20 0
0 15 0
0 14 0
0 7 0
0 16 1
1 3 0
1 15 1
0 0 0
1 18 0
0 14 2
1 17 0
1 15 0
0 13 0
0 4 0
0 18 0
1 8 0
0 2 0
1 2 0
1 16 0
0 17 2
0 19 0
1 9 1
0 5 0
1 15 0
1 12 0
1 5 0
1 6 0
1 10 0
1 8 0
1 15 0
0 16 0
1 6 0
0 15 0
1 4 0
0 7 0
0 15 0
1 8 0
0 1 0
0 11 0
1 8 0
1 7 0
1 5 2
0 8 0
1 12 0
1 19 1
1 11 0
1 19 0
1 17 0
1 18 0
1 5 1
0 7 0
1 2 1
1 3 1
1 11 0
1 20 2
0 18 0
1 8 0
1 0 0
1 12 1
0 11 0
1 8 0
0 5 0
1 4 1
1 0 0
1 20 1
1 19 0
1 13 0
1 19 0
0 5 1
1 3 1
0 12 0
8
1 9 0
1 10 0
0 12 0
0 2 1
0 0 0
0 6 0
1 16 0
0 10 2
80
1 20 20
1 20 20
1 20 20
0 20 20
0 20 20
0 20 20
0 20 20
0 20 20
1 20 20
1 20 20
0 20 20
0 20 20
1 20 20
0 20 20
0 20 20
1 20 20
0 20 20
1 20 20
1 20 20
1 20 20
0 20 20
0 20 20
1 20 20
0 20 20
1 20 20
0 20 20
0 20 20
1 20 20
0 20 20
0 20 20
1 20 20
0 20 20
1 20 20
1 20 20
0 20 20
1 20 20
1 20 20
0 20 20
1 20 20
1 20 20
0 20 20
0 20 20
1 20 20
1 20 20
1 20 20
1 20 20
1 20 20
0 20 20
0 20 20
1 20 20
1 20 20
1 20 20
1 20 20
1 20 20
0 20 20
0 20 20
1 20 20
0 20 20
1 20 20
1 20 20
0 20 20
0 20 20
0 20 20
1 20 20
1 20 20
1 20 20
1 20 20
1 20 20
1 20 20
0 20 20
1 20 20
1 20 20
1 20 20
0 20 20
0 20 20
1 20 20
1 20 20
0 20 20
0 20 20
1 20 20
0
77
1 20 0
1 12 0
0 8 0
1 14 0
0 4 1
1 6 0
0 18 0
0 20 0
0 11 0
0 13 0
1 8 0
1 10 0
1 5 0
0 19 0
0 7 0
1 1 0
0 18 1
0 0 1
0 11 0
0 17 1
0 18 0
1 11 1
1 13 0
1 7 0
0 3 0
0 18 0
1 7 1
1 18 0
0 10 1
0 5 0
0 8 0
1 17 1
1 6 0
0 10 0
0 2 0
0 2 2
0 4 0
0 20 0
0 8 0
0 16 1
0 8 0
1 8 3
0 16 1
0 3 0
1 1 0
0 15 0
0 13 1
0 12 0
0 14 2
1 15 0
0 18 2
0 12 1
0 4 0
0 0 1
0 5 0
1 18 0
1 20 0
1 15 3
1 12 4
1 10 0
1 2 0
1 11 0
0 6 1
1 16 0
1 14 1
0 1 1
0 7 0
0 0 0
0 0 0
0 20 0
1 8 1
1 4 0
0 14 1
0 9 0
0 8 0
1 0 1
0 20 1
3
0 14 0
0 19 0
1 20 0
23
1 2 0
0 18 0
1 20 0
0 11 0
1 12 0
1 16 0
0 0 0
1 9 0
0 6 0
0 18 1
1 3 0
1 3 0
0 0 0
1 11 0
0 17 0
0 1 0
1 17 0
0 11 0
0 11 0
1 4 0
0 2 0
1 8 0
1 6 1
57
0 11 0
0 13 0
1 10 0
1 15 0
0 8 0
0 6 0
1 9 0
0 15 0
1 12 0
1 16 0
0 4 0
0 3 2
0 14 2
0 20 0
0 16 0
0 5 0
1 6 1
0 6 0
1 7 0
1 10 0
1 7 0
0 4 0
1 6 0
1 14 0
0 19 1
0 11 0
1 10 0
1 15 0
1 20 0
0 7 0
0 10 0
1 3 0
0 12 0
0 3 0
1 3 0
0 17 0
0 11 0
0 17 0
1 12 0
0 20 0
1 4 0
0 0 0
0 14 1
1 6 0
0 6 1
0 13 0
0 0 0
0 8 0
0 11 0
0 11 1
1 12 1
1 7 1
0 6 0
0 3 2
0 12 0
1 12 0
1 17 1
21
1 13 0
0 17 0
0 19 2
0 13 0
0 6 0
0 6 0
1 19 0
1 6 0
0 7 1
1 20 0
0 0 0
0 19 1
0 17 0
0 11 0
1 5 0
0 4 0
0 11 0
0 6 3
0 3 3
1 14 0
1 6 1
59
0 20 0
0 17 0
0 8 1
1 13 0
1 9 0
1 9 0
1 12 0
0 6 0
1 16 1
0 2 0
0 2 0
0 20 1
0 17 1
0 10 1
0 0 0
0 7 0
1 14 0
0 15 0
0 15 0
0 0 0
0 2 0
0 18 0
1 18 0
0 0 0
0 3 0
0 11 0
0 8 0
1 15 0
0 20 0
1 1 0
0 0 1
0 15 1
1 19 0
1 20 0
1 1 0
1 10 0
0 4 0
0 12 0
1 14 0
1 3 0
1 14 0
1 6 0
0 18 0
0 14 0
0 20 0
1 1 0
1 16 0
0 4 0
1 17 0
1 20 0
1 7 0
1 11 0
0 6 0
0 19 0
1 16 0
1 19 0
0 18 0
1 0 0
0 9 0
58
0 13 0
0 20 0
0 18 0
1 18 0
1 6 0
0 11 0
0 6 0
1 9 0
0 17 0
0 2 0
0 10 0
1 18 0
0 6 1
0 4 0
1 10 0
0 10 0
1 14 0
0 14 0
1 13 0
1 10 0
0 6 0
1 16 1
0 20 0
1 20 0
1 3 0
0 5 0
1 2 0
1 4 0
1 13 2
0 3 2
0 15 0
1 8 0
1 19 0
0 2 0
0 12 0
0 17 0
1 2 0
1 17 0
0 1 0
0 9 1
1 1 2
1 8 0
0 10 0
0 20 0
1 20 0
1 18 0
1 19 2
1 14 0
0 6 0
1 7 0
1 6 0
0 3 0
0 19 0
1 3 0
1 6 2
0 19 0
1 6 1
1 8 0
22
1 0 0
1 19 0
1 15 0
1 20 0
1 12 0
1 16 0
0 16 0
1 9 1
1 18 0
0 20 0
0 18 1
1 16 0
1 17 0
1 12 0
1 3 0
0 4 0
1 3 0
0 11 0
0 3 0
0 12 0
1 0 0
0 8 0
25
1 20 20
0 20 20
0 20 20
0 20 20
0 20 20
0 20 20
1 20 20
1 20 20
0 20 20
0 20 20
0 20 20
0 20 20
1 20 20
0 20 20
1 20 20
0 20 20
1 20 20
1 20 20
0 20 20
0 20 20
0 20 20
1 20 20
1 20 20
1 20 20
0 20 20
55
0 20 20
1 20 20
0 20 20
0 20 20
0 20 20
0 20 20
0 20 20
0 20 20
1 20 20
0 20 20
1 20 20
0 20 20
1 20 20
0 20 20
1 20 20
0 20 20
1 20 20
0 20 20
0 20 20
0 20 20
0 20 20
0 20 20
1 20 20
1 20 20
1 20 20
0 20 20
1 20 20
0 20 20
1 20 20
1 20 20
0 20 20
0 20 20
1 20 20
1 20 20
0 20 20
1 20 20
0 20 20
0 20 20
0 20 20
1 20 20
0 20 20
0 20 20
1 20 20
1 20 20
1 20 20
1 20 20
0 20 20
0 20 20
0 20 20
1 20 20
0 20 20
0 20 20
0 20 20
0 20 20
1 20 20
55
0 7 0
0 9 0
0 5 0
1 2 0
0 7 0
1 17 0
0 0 0
0 4 0
1 15 0
1 12 0
0 1 0
0 10 0
0 3 0
1 19 0
1 4 1
1 16 1
1 8 0
1 3 0
0 5 0
1 9 0
0 9 0
1 17 1
0 8 0
1 10 0
0 0 0
0 17 0
1 7 0
1 9 0
1 12 1
0 9 1
0 17 0
0 15 0
0 9 0
0 5 0
0 10 0
1 2 3
0 14 1
0 0 0
0 14 0
1 6 2
1 14 0
1 9 0
1 12 0
1 2 0
0 13 1
0 11 1
0 7 0
1 15 0
0 7 0
0 2 1
1 3 0
0 0 0
0 16 0
1 18 0
1 16 0
25
0 8 0
0 8 1
1 5 0
1 8 1
1 19 0
0 12 0
1 6 0
0 5 0
0 15 0
0 10 0
1 18 0
0 13 0
0 15 0
1 0 0
1 4 0
1 12 0
0 0 2
0 2 2
1 0 1
0 7 0
0 8 0
0 3 0
0 20 2
1 6 0
0 6 0
24
0 13 0
0 17 0
0 9 0
0 5 0
0 18 0
0 20 0
1 7 0
1 5 0
1 7 0
1 16 0
0 17 0
1 8 0
0 12 0
0 0 0
1 5 1
0 8 0
0 10 0
0 6 1
1 6 0
0 15 1
0 10 0
0 7 0
1 18 0
1 10 0
56
0 18 0
0 7 1
1 11 2
0 8 1
1 14 1
0 12 0
0 5 0
1 14 0
1 20 1
0 3 0
0 0 0
1 11 0
0 17 1
1 7 1
1 6 0
0 7 1
1 12 0
0 19 0
0 13 1
1 12 0
0 4 0
0 8 0
0 2 1
0 14 0
0 2 0
1 15 0
0 8 0
0 20 0
0 2 2
0 2 0
0 12 0
1 10 0
0 15 1
1 8 0
1 4 1
1 10 0
0 4 0
0 6 0
1 12 0
1 1 0
0 7 0
1 1 0
0 11 1
0 18 0
1 19 1
1 18 0
1 13 1
1 5 0
0 20 0
0 12 0
0 12 0
0 10 0
1 2 0
1 1 1
0 20 0
0 10 1
76
0 3 0
1 10 0
1 12 0
1 2 0
0 7 0
0 16 2
1 9 0
0 19 0
0 20 0
0 19 1
1 1 0
1 0 0
0 16 1
0 4 0
0 19 0
0 16 0
0 3 0
1 7 0
1 9 1
0 16 0
1 17 0
1 20 2
1 15 0
0 6 0
0 2 0
1 4 0
0 1 0
1 19 0
0 13 0
1 9 0
0 1 3
0 5 0
0 4 0
0 9 0
1 2 0
1 18 0
1 8 1
0 2 0
1 2 0
0 15 0
0 20 0
1 7 0
0 16 0
1 17 0
1 19 0
0 12 0
1 4 0
1 19 0
0 3 1
0 0 1
0 17 1
0 0 0
1 14 1
1 5 0
0 3 0
1 16 0
1 9 0
1 16 1
0 4 0
0 12 0
1 8 0
1 17 0
1 15 0
0 2 0
0 4 0
1 10 1
1 7 0
1 11 0
0 13 0
0 13 0
1 14 0
0 3 0
0 5 0
0 19 0
0 4 0
0 16 0
4
0 14 0
1 18 0
0 6 0
1 20 1
15
1 20 20
0 20 20
1 20 20
0 20 20
1 20 20
1 20 20
0 20 20
0 20 20
1 20 20
0 20 20
0 20 20
1 20 20
1 20 20
0 20 20
0 20 20
65
1 20 20
0 20 20
1 20 20
0 20 20
1 20 20
0 20 20
1 20 20
0 20 20
0 20 20
0 20 20
0 20 20
1 20 20
0 20 20
1 20 20
1 20 20
1 20 20
0 20 20
1 20 20
0 20 20
0 20 20
0 20 20
1 20 20
0 20 20
1 20 20
1 20 20
1 20 20
1 20 20
0 20 20
0 20 20
0 20 20
1 20 20
0 20 20
1 20 20
1 20 20
0 20 20
0 20 20
0 20 20
0 20 20
1 20 20
1 20 20
1 20 20
1 20 20
0 20 20
0 20 20
0 20 20
1 20 20
0 20 20
1 20 20
0 20 20
0 20 20
0 20 20
1 20 20
0 20 20
0 20 20
1 20 20
0 20 20
1 20 20
1 20 20
0 20 20
0 20 20
0 20 20
0 20 20
0 20 20
1 20 20
1 20 20
26
0 6 0
1 18 1
0 12 0
0 12 0
0 12 0
1 6 0
1 9 0
1 17 0
1 8 1
1 14 0
0 10 0
1 5 0
1 16 0
0 15 0
1 8 0
0 11 0
0 15 0
0 20 0
0 11 0
1 6 0
1 5 1
1 19 1
0 1 0
0 10 0
0 19 0
0 19 0
54
1 13 0
0 6 1
0 19 0
0 7 1
0 1 1
0 5 0
1 13 0
1 16 0
1 6 0
0 12 0
0 1 0
1 7 0
0 6 0
0 12 2
0 10 0
1 5 0
0 3 0
1 8 0
0 18 0
1 6 0
0 18 0
0 1 0
0 16 1
0 11 0
1 10 0
1 13 0
0 2 0
0 8 0
0 2 0
0 1 0
1 6 0
0 12 0
1 7 0
1 14 2
0 11 0
0 17 0
0 16 1
0 11 1
1 9 1
0 17 2
0 6 0
0 15 0
1 6 0
1 5 1
0 20 0
1 14 0
1 1 0
1 20 0
1 13 0
0 16 0
1 2 0
0 4 0
0 1 0
1 17 0
5
1 20 20
0 20 20
1 20 20
0 20 20
0 20 20
75
1 20 0
1 20 0
0 20 0
0 20 0
1 20 0
1 20 0
1 20 0
0 20 0
1 20 0
1 20 0
1 20 0
0 20 0
0 20 0
1 20 0
1 20 0
0 20 0
1 20 0
0 20 0
1 20 0
0 20 0
1 20 0
1 20 0
1 20 0
1 20 0
0 20 0
1 20 0
1 20 0
1 20 0
1 20 0
0 20 0
0 20 0
1 20 0
0 20 0
1 20 0
0 20 0
0 20 0
0 20 0
1 20 0
1 20 0
0 20 0
0 20 0
1 20 0
0 20 0
0 20 0
1 20 0
0 20 0
0 20 0
0 20 0
1 20 0
0 20 0
0 20 0
1 20 0
1 20 0
0 20 0
0 20 0
0 20 0
1 20 0
0 20 0
1 20 0
1 20 0
1 20 0
0 20 0
0 20 0
1 20 0
1 20 0
0 20 0
1 20 0
0 20 0
1 20 0
0 20 0
0 20 0
0 20 0
0 20 0
1 20 0
1 20 0
31
1 7 0
0 9 0
0 10 0
1 3 0
1 6 0
1 1 0
0 14 0
1 7 0
0 9 0
0 0 0
1 5 0
0 2 0
1 3 1
0 1 1
0 2 2
0 18 0
1 0 0
1 10 0
1 19 0
0 3 0
1 11 0
1 20 0
1 15 1
1 5 0
1 2 0
0 9 0
0 7 1
0 20 0
0 9 0
1 19 0
1 16 1
49
0 15 0
0 2 0
1 9 0
0 14 0
1 14 0
1 15 2
1 5 0
0 8 0
1 18 0
1 18 0
1 10 0
0 5 0
1 16 0
1 7 1
1 0 0
1 1 0
1 18 1
0 18 1
1 2 0
0 9 1
0 1 1
0 3 1
0 5 0
0 13 0
1 18 0
0 14 0
0 1 0
1 0 0
0 7 1
0 19 0
0 4 0
1 9 0
0 13 0
1 7 0
1 11 0
1 18 1
1 7 1
1 9 0
1 8 0
1 3 0
1 16 0
1 13 0
0 13 0
0 14 1
1 13 0
0 4 0
1 6 0
1 7 0
0 11 0
78
1 1 0
1 5 0
1 8 0
0 9 0
0 5 0
0 3 1
1 14 0
1 19 1
0 10 0
1 4 0
1 9 0
0 11 0
0 6 0
0 4 0
0 4 0
0 20 0
1 17 0
1 15 0
0 1 1
0 0 0
1 4 0
1 14 0
1 19 0
0 7 1
0 12 0
1 13 0
0 13 0
1 0 0
0 9 0
1 7 0
0 1 1
0 12 0
1 4 1
0 3 0
1 12 0
1 14 0
0 2 0
0 2 0
0 5 0
1 9 1
0 10 0
0 2 0
0 2 2
1 7 0
0 17 0
1 13 0
0 0 0
1 6 1
0 13 0
0 20 0
1 13 1
1 15 0
0 11 0
1 4 1
0 8 0
0 4 3
1 1 0
0 7 0
0 12 0
0 18 0
1 19 0
1 0 0
1 16 0
1 16 1
0 8 1
0 0 1
1 7 0
0 1 0
1 13 0
1 2 1
1 2 0
1 0 1
0 15 0
0 18 1
1 18 0
1 15 0
1 7 2
1 12 0
2
0 5 0
1 2 0
21
0 10 0
0 3 1
0 17 0
1 12 0
1 8 0
1 5 0
1 20 0
0 18 0
1 12 0
1 7 0
0 20 0
0 14 0
0 19 0
1 15 0
0 6 0
0 8 0
1 9 3
0 2 0
1 7 0
0 9 0
1 16 0
59
1 3 0
0 4 1
0 14 2
1 9 0
0 7 0
0 13 1
0 6 0
0 1 1
0 19 0
0 0 0
1 8 2
0 10 0
0 12 1
0 1 0
0 1 0
1 1 0
0 18 1
0 0 0
1 5 0
0 10 0
0 4 4
1 16 0
1 10 0
0 0 0
1 15 0
0 1 0
0 3 0
0 14 0
0 19 0
0 11 0
1 19 1
0 20 0
0 8 0
1 10 1
0 2 0
0 12 0
1 15 1
1 4 1
1 14 0
0 15 0
0 18 0
1 17 0
0 12 0
1 1 0
1 18 0
1 0 0
1 16 1
1 4 0
0 15 0
0 20 0
0 17 0
1 2 0
1 14 0
1 20 0
0 18 0
0 14 0
0 15 0
0 11 0
1 11 2
