40
10 1 4 1 2
4 6 1
6 9 2
12 1 2 4 1
6 12 1
20 1 3 20 5
0 4 5
4 8 4
8 12 3
12 16 2
16 20 1
12 1 2 2 1
6 12 1
12 1 2 3 1
6 12 1
12 1 2 5 1
6 12 1
12 1 2 6 1
6 12 1
100 3 7 5 1
0 100 10
100 1 10 1 20
0 5 40
5 10 50
10 15 40
15 20 50
20 25 40
25 30 50
30 35 40
35 40 50
40 45 40
45 50 50
50 55 40
55 60 50
60 65 40
65 70 50
70 75 40
75 80 50
80 85 40
85 90 50
90 95 40
95 100 45
1 1 3 1 1
0 1 3
100 1 2 1 1
33 100 2
100 23 35 2 20
15 16 48
20 21 41
26 28 74
28 29 36
29 30 44
30 33 82
33 40 70
40 41 62
41 42 39
42 44 70
48 50 12
57 59 13
59 60 53
61 62 23
62 63 77
64 67 60
68 73 78
75 78 5
93 95 26
95 99 11
100 2 3 25 20
1 4 4
4 7 4
7 11 1
13 14 1
14 15 4
16 23 3
25 26 4
26 36 4
36 38 3
39 42 3
44 45 2
47 49 3
53 57 1
58 63 3
65 67 1
67 69 1
84 86 4
86 91 3
91 95 1
96 97 4
100 3 6 17 20
5 7 6
7 8 1
8 13 4
16 17 4
17 21 4
24 25 3
26 35 2
35 40 5
43 44 2
44 46 5
50 51 7
51 53 6
62 63 2
65 67 6
70 71 1
71 73 5
77 83 2
89 90 2
90 93 1
96 99 4
100 22 26 100 20
1 4 18
4 6 13
6 14 24
16 17 7
17 20 27
20 25 18
25 26 9
36 38 17
41 45 16
62 63 15
71 72 4
72 76 26
81 82 9
82 84 2
92 93 25
93 95 4
95 96 10
96 97 6
97 98 26
99 100 8
67 1 2 31 5
14 21 2
21 23 2
23 30 1
30 52 1
52 67 1
55 63 100 1 8
3 4 86
14 15 65
15 16 27
16 17 65
17 19 15
19 22 51
22 44 32
44 55 39
100 1 26 1 20
6 7 47
18 19 22
19 23 31
23 35 37
35 36 11
39 40 6
47 48 26
56 58 30
64 66 33
66 67 20
67 69 15
70 72 38
72 73 12
78 79 51
80 81 8
81 85 28
88 89 37
94 96 36
97 99 23
99 100 19
100 2 3 28 20
1 2 1
12 13 2
13 16 3
16 19 1
21 24 3
28 34 3
34 36 1
40 41 1
41 45 1
56 61 2
62 64 2
64 65 2
65 66 2
72 75 1
83 84 3
84 85 2
85 90 3
90 91 2
96 97 1
97 98 3
100 4 32 12 20
2 3 30
3 8 7
8 9 18
10 13 7
14 15 3
15 16 10
18 25 10
47 49 20
50 51 5
54 56 30
58 63 14
63 64 19
68 69 33
72 75 39
79 83 31
83 87 25
87 88 44
92 93 34
93 98 14
98 99 30
100 7 8 100 20
1 3 10
6 8 10
8 11 2
11 14 6
22 26 11
26 29 8
30 35 12
35 39 12
46 47 12
48 50 8
56 59 11
61 62 7
65 68 2
68 76 6
79 80 5
80 81 9
81 87 7
87 89 12
89 92 5
95 97 8
95 1 2 37 11
0 4 2
4 11 2
16 18 2
18 21 2
21 23 2
32 34 1
42 48 2
54 57 1
57 58 1
58 59 2
59 75 2
82 65 100 1 14
3 6 84
6 8 92
8 13 73
13 19 49
19 20 51
21 25 79
25 33 41
33 38 99
38 47 92
47 48 86
48 56 98
56 60 87
66 76 20
76 82 80
100 2 23 2 20
6 8 67
8 9 52
9 10 35
14 16 18
26 28 73
28 29 65
36 42 30
45 46 44
46 50 79
58 59 10
59 64 61
67 68 26
73 74 22
74 75 22
80 81 40
83 84 24
84 85 31
88 89 76
89 94 3
95 99 66
100 1 2 40 20
4 7 1
7 8 1
16 20 2
20 22 2
22 23 1
23 24 1
25 26 1
26 29 1
30 35 2
38 48 3
48 50 1
50 53 1
58 59 1
59 60 3
72 74 1
74 76 3
83 84 2
86 91 1
91 93 1
95 96 1
100 7 13 9 20
0 1 15
1 2 12
9 10 32
10 11 25
23 29 26
34 35 34
35 41 16
41 46 16
46 47 11
49 51 32
56 61 19
63 66 33
66 67 8
71 72 8
74 80 30
80 82 3
82 83 20
85 88 11
88 89 11
89 92 22
100 20 42 100 20
0 1 36
1 2 17
5 7 56
19 21 19
21 24 8
25 33 23
37 39 17
39 40 3
40 41 50
42 45 55
51 52 20
52 53 5
63 65 23
65 66 25
73 77 34
77 78 20
84 85 43
85 86 41
96 99 50
99 100 17
86 1 2 32 3
13 24 1
28 64 2
70 76 2
65 16 100 1 1
13 65 65
81 4 5 13 4
2 3 3
36 37 2
37 47 1
49 81 2
68 35 45 1 19
0 1 4
1 3 28
3 7 51
7 11 7
11 12 48
12 15 33
19 21 43
21 26 14
26 29 48
33 36 23
36 39 32
39 46 3
46 52 49
52 53 13
53 54 37
54 60 20
60 63 22
63 67 47
67 68 30
92 1 3 27 1
22 92 1
70 8 10 4 15
2 6 9
6 8 15
8 12 8
12 13 8
13 23 11
23 26 15
26 29 10
29 38 5
38 40 15
40 47 1
47 48 16
48 55 4
55 57 4
57 67 17
67 70 6
98 30 41 2 11
6 8 43
8 12 56
29 31 40
31 32 14
55 56 12
56 69 45
69 74 60
74 78 14
92 93 2
93 94 13
96 98 15
57 1 4 10 17
8 9 12
10 11 4
12 13 6
13 14 14
15 16 18
18 20 18
22 24 16
24 26 2
27 28 13
28 32 5
32 34 16
34 35 10
36 38 9
38 39 1
49 51 2
55 56 5
56 57 15
58 1 4 8 3
1 20 5
20 35 4
35 58 5
80 17 71 1 13
7 10 48
10 12 69
12 19 45
19 25 61
25 33 22
33 45 25
45 46 62
46 55 57
55 57 18
57 69 72
69 74 32
74 78 40
78 80 46
66 27 46 1 16
3 7 55
8 9 2
9 11 32
11 12 55
12 14 56
17 18 4
18 23 73
23 24 70
24 26 56
29 31 53
31 35 21
39 42 55
42 44 59
47 54 25
55 59 4
59 64 10
62 1 2 22 14
1 2 2
15 17 4
17 20 1
20 24 4
24 27 4
27 28 4
28 29 3
29 30 2
30 33 3
33 36 2
36 48 2
48 51 4
54 55 1
57 58 4
66 24 25 2 5
4 5 26
28 40 29
40 44 10
53 56 20
56 66 28
