100
5
1 2 3 4 5
3
3 5 6
2
5 6
2
5 5
1000
66884 413243 110505 752112 511286 49674 44808 735935 154350 733745 630444 504280 855799 602558 573357 400080 248746 137988 423246 376061 772460 268374 398560 946118 620287 661259 687902 910115 206259 770353 65563 255021 595746 318444 487558 222208 255178 437165 612040 693020 499885 379056 966104 776722 547999 542290 148733 199332 84766 941910 828577 62923 693029 374225 663953 437159 327848 74037 192923 426423 717126 158404 439746 966600 102808 407222 854996 650944 949835 604095 646837 231602 407053 524790 871306 668679 371992 880517 614039 723684 174133 262781 596772 428671 255984 919368 961103 676331 974989 721686 455796 122141 565759 906905 571361 739891 376869 26682 511430 343695 565886 973037 949642 914603 648701 526953 538815 918568 8386 33398 77836 450378 987530 901160 559596 952338 723289 816684 258563 116805 219372 855866 881591 592251 152950 400417 270213 582670 761708 858569 604713 312067 356583 214220 115258 40612 124007 917089 507387 965998 509890 277501 277291 469399 640892 294135 722764 12857 672169 200408 125705 824654 755337 228368 35979 726735 915684 96602 953053 770587 235283 48773 699664 357020 275150 974698 131598 337364 558164 937629 62917 68720 84620 244798 332242 467255 359167 197552 555053 178775 292911 87510 63687 455231 419398 642416 915474 745709 134831 717724 626223 772659 11387 283027 923680 901715 124015 185671 171954 331258 928023 374586 484985 908501 786498 228884 636832 301178 193823 472556 895604 484279 893362 494050 104269 967803 49210 906226 414243 797157 982738 180572 944178 22996 32850 71418 332065 522288 212893 726377 514397 496244 32960 90592 705460 819617 969248 494139 44689 473623 433777 518223 523227 365269 251259 544811 218886 265000 283338 691723 597118 565456 14094 512445 532961 718890 677867 528206 190855 214232 331038 734501 183953 352897 729976 592000 488566 451791 525935 508286 774204 849509 209314 218220 602757 553952 656868 262105 279249 99687 286899 563950 131988 993220 212503 762778 358259 289778 405173 269679 708907 377629 742964 862939 890384 965961 943942 609208 634077 286935 691710 450304 20837 615203 596733 301455 592747 826657 292243 641264 337121 409879 72124 333582 439042 529583 417904 33523 376521 433138 370980 64689 252567 493922 97631 541460 620264 315339 268982 764765 837060 960799 616001 732163 547351 760747 837657 207324 897680 430186 757013 431153 952516 151433 212843 21592 783151 131553 141135 415552 402662 124638 46698 613580 678397 521002 808490 316638 143486 816742 475911 809411 828635 37038 533803 551941 918974 736452 880021 663775 47521 959074 201562 292757 140509 435349 828406 674772 522837 125320 134643 268434 624088 772299 748455 960653 521943 588599 131765 228465 862659 480801 4466 580330 206345 844653 70347 575687 331882 764048 940067 361640 735241 856446 581796 297318 653996 389500 793884 181544 509618 382280 46834 564083 89992 394094 688282 161547 820665 460580 110394 50657 217653 611266 84168 69285 258788 36532 222229 180266 31964 67611 59889 5595 58537 975232 747883 565112 433310 430680 132577 334424 212925 605828 185188 649234 179874 625873 788163 434368 705411 546436 635578 547733 664569 988650 242787 897946 869148 740696 967811 307139 442488 667468 765526 368216 878505 130701 991691 215828 935677 65544 68602 378583 211180 217832 827307 399397 841000 167206 79637 541809 397401 559834 553915 666215 153734 282838 383931 382473 902869 297898 536051 285247 440442 342647 871815 640407 797810 105618 861868 766664 517975 795069 821344 598871 658126 362121 903961 528932 741376 96317 256263 95003 43433 818638 608238 631194 647054 531593 792112 472972 208652 720399 301141 32985 532068 737994 88724 689398 256654 664144 866729 798118 143604 225880 914410 333378 193666 76137 533471 987217 961891 505146 590493 289115 845019 204793 475914 544529 71983 787098 450594 76250 10023 177750 855890 812557 571889 929849 531527 814927 621675 305536 44660 387965 405716 394794 927729 180363 793577 958791 400037 906021 755649 666385 454354 563715 334388 712082 339334 160311 5139 716307 971291 537190 978194 97383 556392 762134 179640 101497 534891 235453 461746 422360 434461 723856 444883 79885 606239 817937 156881 823754 25613 466556 603258 555556 137535 50485 371639 203367 612870 449636 939747 69328 667689 218929 45665 224049 381227 477204 339734 100490 73129 676858 974706 219700 320430 876645 840894 998873 216267 214811 876241 91396 881063 544441 206732 423351 482663 341249 528261 857569 240485 744600 912195 444691 738944 67502 835887 741787 435583 920135 517766 890060 191396 148989 4708 322862 380782 131056 75796 293463 20340 876581 174421 975232 960225 654778 408447 577424 750520 400212 994249 132064 259842 465959 251645 810725 96129 170755 501252 554511 902940 830574 823703 932126 250108 705655 874209 389223 980052 853218 997825 912805 466955 770379 993389 614 796929 588923 468973 485474 72143 139884 788477 879555 293002 711946 406039 700827 680006 847436 764635 907673 749253 264271 412912 501266 626387 880878 282895 385034 633916 208465 200266 725352 851033 844820 625567 585574 979567 814586 77469 759069 180812 514598 33965 246348 791493 342899 953604 957326 199103 767974 624808 74247 55846 437456 694111 760452 878907 582235 418170 741769 83049 175316 526817 916567 299353 558064 567158 938517 803377 404217 128432 786843 79294 7436 816222 47376 17164 724231 371074 711570 325216 536873 605617 990611 793778 267178 830907 145313 914844 307822 648361 475050 55929 142245 476050 571105 600865 506808 179762 121433 377940 119661 484357 535106 857690 919568 436112 31386 575900 216082 728533 870069 289521 348456 247470 246921 208069 212918 909402 661335 955993 141592 122278 422546 991606 310406 891652 365386 325158 284259 188510 142647 95374 812393 315937 115820 868546 145061 660766 839418 61381 538129 236422 171055 866982 302085 96317 588039 408673 604515 845091 351566 822635 827396 542278 712452 523974 888059 351239 858305 937442 198209 730283 146064 670781 350610 932202 818748 518467 34518 154102 190815 704531 220055 336803 553176 302358 310781 448030 645806 203272 187779 900054 112152 670073 941195 335585 122077 942657 117519 355806 546272 933096 971230 55556 943644 517743 822612 613881 341547 141811 141517 379762 179772 553783 696696 27584 786097 485137 265515 601036 900339 172697 201167 56895 135505 813528 948752 53257 299045 184019 908142 896393 893069 383153 97671 504230 529245 421759 533243 681580 720407 287440 919048 49966 737478 650164 60804 702997 429227 368029 76853 591448 644023 222620 909523 371271 724324 717520 391263 956174 869777 328176 143927 80003 921326 837768 167769 34747 336146 53631 26858 788005 777177 232606 623863 467860 771929 78147 482440 592054 99770 210028 527615 129623 122808 106395 167058 315549 759056 18558 132336 324373 816576 492984 776026 411341 904638 76988 440324 26706 773411 466309 336546 300868 16682 993137 682420 752163 565247 840984 65444 323965 318464
1000
550208 52177 431947 587282 163184 632338 543151 683486 174470 338674 392572 934663 409825 997917 387509 361931 946486 101333 147843 258071 73469 450969 906051 97428 960828 406321 307688 103968 428986 138456 462935 125590 921689 429607 148785 626230 157166 900431 685997 661855 143032 148851 131606 361159 871763 499748 166891 711230 804538 279847 896628 861078 300738 495972 459035 915848 139417 462058 692057 307525 721883 76755 675670 333759 48503 962165 222076 120615 930675 111423 180088 32369 640227 176082 957836 550385 761882 415209 123761 479535 262658 934500 619327 930845 372190 385562 476771 562956 200896 648289 677029 892691 641159 878706 619534 561163 496774 514959 350454 611883 438264 632867 292561 724571 89385 482014 127865 75340 851135 868491 308793 324218 379034 936627 606136 515655 913379 468579 853203 427973 961503 382050 11601 800099 859826 112422 738431 950157 605589 76984 906822 33037 778648 738006 797544 202414 202173 112872 835481 390972 990633 478758 546645 743276 788563 270835 504546 589336 338868 783248 731634 732302 958518 301657 551071 66635 506962 695640 501219 785077 493568 944580 918214 439373 483192 58713 632178 487345 454653 392332 675953 233161 245749 730361 176155 542644 20838 484483 685247 629224 35209 981822 152741 260609 5390 170215 19060 791577 391986 467201 78105 500099 206910 998865 950027 695002 576576 510389 739054 253732 506743 299831 285589 429682 870536 820205 916962 356028 81445 478942 610239 908357 859978 448644 396089 524843 792341 673975 594211 904128 182159 352583 667513 993325 322797 491058 782261 12846 823470 420640 19366 168658 999149 360016 240539 673104 926858 224440 494907 956791 463351 348006 297419 32807 894811 590074 255205 16642 42638 489647 129300 914396 130181 766296 800233 210858 411024 431396 138083 744411 321155 854661 626138 989477 365893 61484 152596 539646 572861 537961 843219 993897 69947 979738 681768 684114 980964 425411 658373 729069 270426 451143 458117 868339 569697 328497 818060 183238 478024 287632 441530 89930 766192 86912 551215 301310 662339 607012 38858 195186 404344 402384 86310 707159 534875 815497 31803 166550 295992 938907 278275 589003 299889 638219 85697 353125 715356 914967 559809 894471 496544 32526 93449 90237 622757 966345 311005 813138 13723 18776 621443 326950 720842 183572 127800 292479 278273 170652 28697 221918 945455 477766 407314 953192 401572 646678 451456 751891 731629 880034 74204 462301 665632 885115 758926 589289 385263 660798 509460 75121 238750 634277 934219 743348 135536 592928 561865 693281 624980 833171 302359 441004 505248 109103 104403 693610 476880 93079 185604 45444 214890 956856 579740 687081 660865 635418 578234 349809 143702 565425 304547 25880 680853 996793 32870 213557 720193 160063 332238 174090 913014 763212 236510 505930 679218 934139 961205 811441 166078 716285 579621 854064 572347 505776 353964 348253 212683 725805 208825 167635 864329 17488 872248 224746 504952 844315 512856 213754 3314 980983 602597 835614 801383 132827 687481 857715 2226 199956 950770 379431 473065 696555 929931 242764 658202 953240 124475 637539 876714 557858 968500 120622 513726 34800 512752 426619 113428 170190 555482 478722 9131 384787 761620 478867 295293 56068 448039 968795 379223 643348 252275 945085 239562 745192 434473 327367 324283 739995 460687 929911 606983 98348 37479 645348 203728 672017 228579 109904 429756 928651 778471 614523 889567 448362 917558 760332 440044 314263 694314 950130 239816 840498 494047 942208 186879 75892 762110 165629 555975 364598 553359 56165 99527 124213 962383 660260 358964 115104 57862 206551 272194 4787 812697 318542 867718 347232 469400 400448 187920 560193 399548 653834 249217 276479 301934 276880 445238 936380 206759 886557 8626 498891 996051 815416 329432 110029 429919 155343 30127 597062 573446 303515 935501 462170 805927 155580 158240 681010 307549 779015 662036 729225 167318 777393 923795 327709 864332 947214 732277 863529 998683 924754 845588 463911 281305 971927 893712 158974 540589 673889 311684 698439 731602 193948 558507 776390 27073 562677 795154 509025 831939 968042 742815 403978 377618 149634 450725 806444 752097 161748 149874 573507 405259 590957 66635 722770 257981 802449 146254 379883 80454 109914 625332 267676 803830 200761 663475 251428 696450 193801 574695 705852 476501 943590 971477 651688 619467 21730 600673 701968 836871 830574 242844 76891 551831 34139 94130 310193 444242 482038 484595 200667 124557 683772 371537 205153 137144 382489 173152 531453 479203 565249 633043 214268 352867 132456 646494 407667 220731 681477 589770 264474 361013 387375 545304 763181 150557 116475 31663 68437 627482 290430 99423 958373 614782 592534 324257 740422 393177 503352 481277 566671 137814 370591 295290 603053 917183 952569 575053 105932 536007 303767 775910 691974 103028 799105 163368 374897 804211 685963 87588 334629 399718 388242 321178 363707 252086 574056 211519 705913 287120 911228 349439 812386 806993 567058 643382 372998 604418 879110 119138 160887 235217 701520 397490 207401 271135 216575 752417 730093 965650 727349 338508 1292 32394 613478 440753 713338 429766 296442 985261 407754 689570 144193 658253 431634 408459 136853 720803 681241 584454 942266 831910 400025 35560 874528 617976 726941 985862 841809 272635 265477 351146 205144 841185 296758 25020 270482 177645 729371 972313 60749 912264 935388 121732 558941 439628 286444 239118 271516 253479 22147 130156 900419 396793 500305 713839 139630 301842 61262 997137 23342 245614 841840 831647 991747 86878 158991 545298 362736 459398 831118 380715 814478 666572 913338 954880 619305 864348 335294 474472 538290 376459 95162 380497 282621 604083 927606 642195 61206 921693 996682 928568 131418 574 27096 150603 916636 762146 220598 316017 368533 589467 606806 909953 584928 124488 436502 551821 698983 329934 589173 710214 673537 52760 825446 655353 758215 321994 693464 173189 133323 401869 359718 212607 324380 635527 280993 331528 335533 265079 541 613918 678905 796420 182311 547491 984270 940732 372219 156273 131002 158343 795195 368714 508635 901194 89335 108245 767405 558875 439449 116375 162028 866146 469710 233434 993809 531264 109785 923253 399940 131135 308067 118238 64049 142026 223657 359490 818822 952817 507001 498928 397047 358272 329929 796448 59523 787138 961515 611029 391402 355624 568496 299382 984105 754095 771522 591770 895411 667869 249584 968723 238034 685303 488 809234 194434 894669 686647 421926 96411 1248 410993 366728 143792 584507 673478 351160 742315 117746 301160 363004 260744 462584 17284 174124 310856 958662 957090 445122 10348 732445 195445 691238 885473 435384 333518 368116 568919 825873 134115 782577 520697 233208 501064 168245 866254 721990 135227 317970 268593 851252 64608 659198 595187 785454 491429 811538 999508 22402 204770 715756 792704 338854 873464 562193 204446 601213 804815 435775 916238 938680 233264 903337 159584 928525 293489 684561 162435
427
492017 831956 543103 24024 362348 194611 519854 157253 104412 85523 315417 144419 563423 907635 394611 633063 861621 618512 735928 676174 745956 863767 346999 886074 341493 532592 93242 199776 276460 265764 860042 923507 430274 497254 349271 689127 436549 465501 913692 985921 174855 17381 597535 243641 751041 256088 702895 491986 968157 542849 712704 758431 585714 480165 886621 700534 793877 538035 273323 635698 37528 619357 748252 83693 177225 106820 291001 19429 280325 90935 650871 395852 449084 677523 954619 476867 560576 694398 797950 126687 988428 294093 412330 365808 569812 908227 172691 347655 937264 761933 520094 804262 946283 10966 134824 172235 900485 588813 753744 150470 550774 261083 880729 788409 98531 507698 697972 81169 70039 839607 603105 866353 988326 320437 423901 298846 57865 600073 519278 8941 509598 345637 858427 906737 749392 770932 686778 596106 264896 50761 845766 196650 951727 680236 533559 686290 950714 66381 816410 762989 625202 800100 592866 962205 982574 210564 427971 395201 300546 683419 508216 4985 550369 110529 434280 794533 340615 636314 748072 536479 973308 90063 462993 224404 874711 909780 65673 938587 152729 506498 767766 226465 747317 152327 229185 218542 495148 542799 595802 236839 507882 849265 967129 633177 133962 973153 909287 447841 259665 737311 577269 673036 23461 282493 342996 147565 796100 884993 545964 248165 389051 813607 38025 324347 780707 237500 593285 898890 431645 13564 815648 228185 333633 505121 617537 521191 69896 23725 149071 745992 120343 840162 881184 328960 911607 756093 586820 694469 4710 276013 428773 531381 373252 51693 524289 902842 853042 436501 89355 764730 405625 915345 403368 314784 985590 473575 794962 37381 703230 151968 353498 513843 238217 71461 195898 993521 919194 281250 773706 364100 344048 796794 156068 494173 872084 79412 122812 259956 415362 747131 716997 547463 691503 786949 287658 997301 274360 890169 46092 485620 389746 468693 62217 54499 643872 826072 190306 827054 63729 619865 606233 655705 210960 905968 482421 151464 918898 882766 219570 705588 984778 679338 876493 194968 765238 523209 313514 763262 39008 783756 658759 249592 226125 488594 438896 359245 777965 707952 799521 856078 417603 993645 545836 920118 772126 299547 523650 547697 107472 940059 555416 305160 953765 265794 308459 724945 566213 7036 613455 607608 169452 773259 438580 545454 161695 718660 629773 365851 721902 132716 968950 270840 979350 122481 114708 130345 538570 481223 814566 990740 882155 95905 387122 482657 475353 260609 986761 88680 721335 862539 345155 444778 9627 524683 33828 300661 355889 188804 201428 918354 572218 148918 653586 785757 732619 134646 507819 666508 421655 943735 801876 830790 666677 429301 107590 969357 176576 62050 481733 831009 123686 665209 20983 517802 112478 294363 505190 309302 910626 314220 775349 572597 102542 220696 26589 361423 11877 189099 214047 595629 461430 263933 927689 270070 889373 532595 452763
483
462046 216063 391806 817493 45053 235919 845757 187353 847732 934003 338913 190852 674243 439709 416670 176420 415313 486212 250641 64073 632968 687868 779020 814072 282578 756700 836107 518666 189175 294008 936862 814741 914210 872099 400534 558899 9249 429860 514787 687267 128638 354287 345468 567987 794527 833206 446974 183254 221126 437168 571025 882050 68599 225080 650010 576856 457743 998238 542608 749966 387033 805620 22278 64979 379624 761497 694472 316463 470848 238359 93640 815105 384434 139145 869029 211229 579899 128670 993258 591728 896691 535670 532540 868918 602927 240536 595847 494194 505225 384161 52014 348952 254993 655165 475986 638934 623368 778557 458530 209616 971409 913390 358141 516630 551161 966908 413931 883372 337114 325544 182166 100729 477757 438984 513024 624595 161428 584175 743295 722241 569316 457848 515321 539160 845326 883532 649727 208870 9701 148810 107163 30976 768428 631587 641301 804927 427491 896086 575636 395553 875815 809704 538535 16136 999669 298219 199936 365656 591524 460957 666627 63193 6492 444080 912418 473041 864743 515106 919045 868478 798080 804171 620367 79707 795031 617961 621657 210664 440246 118161 649599 152124 796223 119801 557625 859044 981449 848835 308927 73557 280023 152613 926492 624316 257403 273820 295791 231169 540024 68057 59436 421374 556058 584060 313480 679871 873078 830118 906784 421967 908137 544047 614393 865751 594048 910164 120993 887819 960556 933423 400114 58139 888728 518484 674572 698697 137315 37551 254701 279383 726232 601862 263500 250554 284084 377630 807327 409769 321573 205580 739838 21145 426593 539487 721279 236578 535565 861104 144625 584215 563904 476880 266166 520014 42276 537626 892144 580714 563569 585891 259185 879098 863887 388393 874592 891835 590214 224223 411299 239643 688961 334191 82249 687817 866252 383548 359571 103108 585835 511201 518440 300032 759272 770072 808841 688789 606479 707015 193445 505990 568312 58621 828128 388598 906158 580944 255486 954169 983672 203688 147944 329846 66259 624873 298945 295105 30065 824220 427183 143715 576131 487523 742725 376412 607964 559134 661743 135698 459955 506664 837891 253614 311014 900645 555381 540181 76502 880938 989344 850782 368842 374196 57145 188495 18627 732332 29670 803660 45570 16953 615905 825160 213607 260775 528920 883620 846253 388584 229879 249321 968679 696826 433857 443512 202455 278103 264483 129872 602616 412267 754786 817811 835771 355801 452082 698258 561142 717324 672928 346353 675986 696480 414483 841278 458115 631341 252852 517311 971153 961771 644898 807875 212035 833242 342630 730441 474036 174676 363412 768343 572144 984584 351759 780374 765357 757619 886217 254173 393112 901007 534858 473731 188389 952040 429203 369997 508790 500179 986381 755554 771992 435654 254513 767821 125260 156546 141752 361209 370769 679328 745094 740497 144420 911630 955661 247438 624343 144366 917965 825566 949387 484301 582711 327969 741688 376177 682322 824840 489298 416551 69853 184538 831688 741644 187664 844741 521348 224747 127390 480627 399163 547234 415243 363826 243221 294104 784021 619033 712546 167812 163598 980013 778860 797869 500758 605519 88874 161594 676507 752047 610239 521418 185334 826569 592262 18892 592303 2572 656551 455740 963533 319914 271670 310055 332869 199672 632430 681283 815441 512701 594237 79655 752235
240
474324 254662 892972 217492 909253 530730 86938 408677 267587 270110 429672 559887 734182 984334 668327 432186 483200 124295 534225 696205 454038 269990 90228 558908 585145 786200 238311 23422 304979 211177 661933 950474 730690 843213 515249 613909 252940 823604 676997 698731 229021 456748 933513 185397 942231 871102 643724 400846 799547 791179 984523 448788 293141 822605 853002 809740 475389 776925 951535 3995 499670 812284 50362 491063 429370 766564 50402 662070 334289 997797 560626 334683 465208 667887 145547 531047 219205 675522 872736 257516 851214 123038 681820 723170 14225 937411 971465 590120 751619 592519 743139 609389 168764 193859 239922 746509 717668 23695 863514 105735 183299 824658 126273 998985 793516 746020 156531 794638 530527 38880 626200 676714 831285 832277 350357 329281 263325 130841 134359 502308 397995 128844 337396 458362 700921 381644 647040 729979 570804 975059 468967 647831 723915 878458 560682 663399 561665 988454 132110 706528 108135 752461 424798 60867 52159 327779 855545 156050 581320 227431 884682 166415 440655 658697 718141 647086 578771 963391 538955 876299 17242 852911 430415 496562 996562 410967 601566 749738 885384 790874 811899 374323 212173 487925 217378 951782 376387 440975 973093 793326 136508 577436 817778 897168 915036 480896 843326 363687 349502 292447 873595 408643 250337 616638 117281 605133 620483 760080 504892 976669 432563 194784 51531 273845 903158 845414 376325 309896 452680 805423 375163 960899 817742 637772 703075 980806 987884 512343 89313 958853 312220 257839 472995 304678 939327 887714 986779 910259 672688 906299 216846 220851 789308 252215 716180 729816 8793 401355 517543 728655
819
835280 700420 403612 939137 992586 586842 212715 299792 729905 843526 712111 770399 69232 565701 280364 951933 10272 255833 879421 571344 230623 690651 536502 718399 955322 897943 448040 952757 294922 163158 451214 447651 331005 449256 217365 750471 338191 713450 171448 172756 105545 776150 881372 739723 819958 603753 576059 989659 719031 607076 586082 766687 790122 73554 645908 170186 858851 4348 724589 911601 144335 911537 430701 235449 535885 851054 13298 747363 722902 33204 3054 541488 658777 905229 639692 342417 528718 943894 750407 138704 131016 700501 230081 251731 419594 449546 527281 406834 320139 218801 288426 706296 152899 307770 634495 976676 154127 248173 381643 67102 332738 799686 957675 496973 541802 636536 890139 567892 162188 866729 296963 236466 381275 853760 281581 679270 920936 502700 100347 177965 967968 766891 961072 925453 724943 217149 504229 285745 110334 622625 692576 99899 822300 834877 552605 937287 341316 720588 464068 485382 633856 433401 463100 55265 864965 323947 622963 572032 830474 976376 650651 95777 861238 956774 100204 407767 28631 242444 425407 470071 760999 8162 839277 560463 38571 138615 91270 521277 183019 720628 434558 355387 225660 56603 458374 851537 594999 624072 40024 694321 481236 291693 797591 269172 467989 118654 491012 512586 527606 546010 845347 778589 804182 597556 61368 67324 13674 53349 646285 767643 910240 540169 496562 132521 947371 538350 41803 121455 420198 841180 401217 277390 718818 5928 971192 243326 141092 372546 773407 70781 121274 699398 615709 478155 964328 943782 651558 997183 88111 331145 926070 606829 499438 26308 332797 749192 693387 287256 171291 668336 647630 300511 416639 357673 376057 414884 133273 765986 241674 273592 969637 535822 693977 675319 533331 676864 409857 37604 657225 89369 818538 451962 67598 173052 240984 867540 511173 187443 923952 183702 340883 62306 587986 286464 671456 164931 278221 527568 527293 554845 18065 505794 452878 138663 373279 89833 173045 139450 966644 787377 263755 554664 722637 821493 424308 540750 922740 907485 323661 348287 93225 325944 596351 327246 750231 289168 525778 403783 29792 201888 18621 370919 71917 151612 957070 768072 476652 656469 773698 47277 808135 188859 933045 2448 472828 911585 33815 745405 985459 748836 54891 398841 230999 873804 968076 417322 306051 329669 933770 80245 635217 906193 293983 621823 940244 807339 898985 894894 892184 177569 894919 163954 171075 353230 435471 608945 166641 914516 708088 453065 292977 996576 34601 661051 335624 487408 22532 966570 822435 359862 68306 951141 534815 141037 513804 626436 521093 650745 176866 554107 367209 942541 769410 190986 123111 436517 400059 149278 703751 200510 70822 989811 757194 798788 750505 36276 899185 608600 865587 306301 806211 156549 139827 419239 612847 248375 470759 404579 577404 25175 50915 80048 924232 432320 225735 260735 935152 218924 506203 728561 753904 251375 90823 201587 857294 177703 774074 840577 826281 740686 868909 676807 944632 304670 284520 597114 215092 39515 276952 7477 793904 136712 347302 113425 417973 826732 548071 928431 170968 899154 943879 909221 13481 884524 528042 378367 467435 64277 730133 396547 886674 920515 486891 280165 698861 571931 100799 125925 928339 200162 695978 973772 761273 344184 654799 306273 59668 919466 329077 593479 242818 73419 703589 495504 959711 505965 802822 87262 319824 451698 519010 834352 770463 659743 241097 383168 691255 123785 140049 375928 810949 211180 924464 538711 108072 246443 423790 443398 28415 53628 412552 227031 938653 990519 379563 458926 359062 229777 3373 639894 450091 276476 594865 494282 539902 790642 275324 35401 333552 274281 574674 636041 334708 268665 43902 107430 113783 784518 606081 897059 430163 824729 189658 241642 466031 496531 467759 407770 223526 16539 400617 289690 655883 41434 45914 846074 853658 79113 646198 848034 488586 81554 604977 523171 613380 313993 597694 477749 108638 815241 574073 636489 552029 772062 545578 440576 141348 368396 656000 573537 293906 631308 977392 362891 673250 396890 951064 379512 808103 946158 823484 303263 103020 471547 120893 152745 82894 279798 865449 61098 965349 258496 531281 905705 141592 44821 34227 63078 301882 503164 525796 823961 284671 94108 196538 216752 153837 361271 520674 344739 553301 944785 287310 526647 819009 877752 448837 203323 705178 823205 526059 953655 407569 500665 210741 523196 808214 698565 439968 760482 724650 373875 211242 505395 705755 25652 986616 525939 629636 625773 287556 986590 560123 46398 465165 59491 662649 382721 96889 816369 589132 107473 198066 741279 760936 736505 764146 259360 81464 32388 324268 762932 446889 123248 434779 254259 510845 808789 739147 771815 469878 32855 240982 707424 74413 492502 281949 108587 436623 648206 655299 539778 314035 615770 637056 565929 490590 726581 145842 241475 25208 905510 673306 584122 73463 488132 123876 782675 393411 809239 859557 892605 505719 303786 627501 169846 106226 778009 815030 77836 512931 531043 308262 495623 438166 690511 382827 212462 979036 33453 71168 900981 308064 112715 45157 236053 229385 118970 62871 233631 190143 428960 731206 739570 698414 547224 398044 710107 976700 258624 186204 370497 703959 143585 159845 811383 911354 284716 721046 781655 288704 130299 866204 253437 902820 321435 7854 870524 927234 434455 53548 16704 970777 610206 823198 581213 944924 743086 145189 609676 675792 52191 433714 133691 484796 957033 953311 832264 566732 743588 530936 947872 936 243477 942150 672299 520927 8526 666180 43775 617528 146964 888125 724205 956038 334580 666620 810233 529594 987033 300462 241057 288637 546464 960193 925293 917062 110124 954836
524
720611 34278 700970 989066 930652 783950 216026 834427 499460 435706 920928 769664 201261 534091 136836 886375 320964 43439 879161 688118 542367 170501 173514 335987 818809 916480 409115 934546 446883 464478 512713 551096 254641 454874 560307 876880 881143 955675 785186 756169 95555 883988 501972 887300 601720 785744 864182 628083 401262 147693 827831 777250 435117 753210 468390 334766 422780 681086 293650 101946 875852 481361 81114 911751 875720 572157 118531 197928 336336 43697 606272 42134 110599 705354 180042 22233 172012 991382 615860 409468 600238 287816 446709 543745 677768 862452 325346 104711 175849 159235 416264 351316 294296 843524 288213 735800 156406 301778 360369 681275 738590 83479 252625 942517 218561 381193 494399 980550 849502 163022 288271 990179 225161 121874 29924 70680 950352 262404 335027 484828 321877 233844 100940 854795 654711 252699 998352 354585 142171 202999 692993 293196 532803 694937 600641 159101 121525 464535 348694 449258 58523 773517 186574 425417 412134 441327 931670 729099 184510 517894 755251 462343 827020 838735 572063 825292 881277 724876 493141 732814 4278 735301 601590 493729 78799 168441 471346 785177 248398 52569 194678 426343 310841 353835 464156 456282 13537 148991 588807 497119 337720 336144 892289 110604 959806 821838 244726 907794 584798 382989 50278 719433 131766 975997 884558 250878 11322 438210 574367 417796 845019 723255 157185 538720 183107 712076 988521 950731 243972 447405 689078 620682 18619 999077 670612 776885 399591 321007 84524 263284 951391 536087 220776 613502 563483 804885 77483 712503 460625 65693 695411 867016 803346 367990 317136 178247 403616 584442 84028 320749 169365 415413 697409 645527 93608 534224 209600 200602 869266 962698 258717 455726 991732 249123 842589 173301 446759 461005 147404 49236 578930 285303 639763 909662 738006 903920 611051 146820 444503 982751 42498 839972 864514 917535 422499 430801 4440 649412 428739 543491 625699 341816 174869 180380 722490 672236 987872 974545 334112 72011 899873 1990 919209 714961 920660 272425 371934 298009 182530 4799 680314 109569 787596 5825 110664 429108 650949 212670 271545 283520 128348 398397 330870 122303 154877 998008 479251 191746 925090 993570 703737 397359 702138 701334 26338 441667 479870 87132 46415 835531 235665 30194 787188 582068 834495 939556 278348 705524 122527 785268 80743 749450 601561 907756 513329 337855 181747 386666 604584 495738 767875 545821 134254 871591 506255 632670 858561 233243 824661 123189 370874 168811 165036 467695 899960 353262 903497 500632 875548 613018 115548 549852 402144 400388 774072 192949 126888 768879 653815 742947 403321 469715 574880 658761 534850 110969 953792 577858 37258 909450 250081 284650 863961 891886 492765 525938 661822 749038 109339 507387 972461 940909 581216 612690 839020 762630 561308 580314 820005 82090 51537 441691 712944 726740 472353 483627 965824 680201 299741 410996 819854 105037 88671 6920 736929 420680 280919 831063 88048 647869 398039 280901 134855 872114 740776 606988 775423 360403 22366 659451 573365 218487 242617 445107 150104 779062 70830 916554 389806 191985 816854 40748 870450 847361 3299 260942 960696 732928 680978 287094 190418 711449 449539 756728 536227 117349 12850 423823 361444 442477 638238 204088 703974 889815 9099 428988 687917 529405 689203 383653 814219 677175 848098 464470 910545 572362 248128 150333 856836 429543 994561 615972 106493 15772 261690 80171 151542 843433 748463 853701 479320 958031 924669 510792 818390 403556 317684 212108 818254 94456 476140 852249 396557 345439 642358 341393 948340 618568 562073 490488 377025 621356 660668 196073
165
187532 440604 851004 659471 828579 920299 148208 451351 323792 101896 987115 81061 609937 820458 574910 877415 522676 310652 414192 167878 790249 546529 698039 887525 24467 839137 311411 37794 885168 762341 293269 949123 492378 435267 364033 447271 408311 96634 406656 605800 827673 884267 784885 740701 54605 550833 577040 92523 369265 632705 521628 673422 589294 303194 563555 740061 190515 696136 447821 808105 876203 931081 526789 615240 372292 239930 303587 634962 229769 778765 271236 663969 849616 882042 267865 646245 963249 751168 51272 713614 745657 477092 48192 780973 226236 702543 4639 11298 197981 83305 254390 265215 13059 564856 813071 24830 417246 771181 264703 781833 768831 593893 137015 236012 874632 378472 389618 947978 901347 817979 688292 178614 432719 339599 747031 319197 181964 202316 504518 978833 299814 308456 498319 665342 14289 240925 184382 766452 117938 441435 104268 18153 592502 472895 747743 466537 305187 156276 157997 564983 430723 843579 357908 642587 784106 526003 328963 33156 70391 933716 185666 522147 493000 229182 45971 470151 781307 914368 86932 717391 442964 267379 146190 229868 894021
280
697646 889631 443481 447786 979613 118309 158245 907837 537476 224637 193232 503347 897355 37476 853119 969437 678077 666869 997865 975866 273264 75189 79123 979682 175074 97420 254401 364361 34101 265165 293642 701545 56193 585154 420814 359335 887187 848650 915611 925937 563551 129713 841711 468601 376041 206897 232041 932228 771867 573077 612428 458887 582603 464278 291165 922678 720221 785951 505990 184823 80789 814714 811264 148441 423810 709079 688131 586978 587473 528672 582720 741393 151946 16476 602079 426503 233395 638496 325714 718404 235097 218677 341663 441604 218935 39921 156192 657674 403063 1618 570214 100590 429266 811963 669160 243891 734371 657641 831919 503548 104610 998434 163513 643125 813188 994958 861213 618523 955173 438198 588291 729094 513663 519351 239363 31656 516470 308910 102914 623668 583026 257731 478851 63973 728800 430918 552655 947432 311835 478668 54738 175469 122413 246518 905650 8749 219608 886426 216284 217819 744192 726465 317515 586023 94528 771038 201362 14038 82342 631000 173412 292180 234433 844771 599945 780876 134208 430002 38020 180709 163883 762614 692911 440857 560237 749614 627049 446931 699582 465709 509777 845811 480527 904910 569795 881120 673071 681507 649178 775154 89107 120032 874376 269838 994299 606564 607044 920906 636304 288734 498048 103022 270207 777864 349054 6910 547989 900957 342096 361070 645422 719025 397900 499403 924563 500253 14154 215570 234632 653130 650587 170654 593069 308433 586477 420272 417685 336066 484597 424508 688667 958138 37506 690653 404284 280819 493180 968114 516507 648633 814773 660686 729886 413297 923944 390860 292660 908600 990550 828336 459032 851278 828169 277800 435360 81604 809123 925113 714511 821236 566930 666121 839308 928377 554528 952008 206159 289430 713876 242835 787372 41851 724313 179851 46951 253713 327543 701915 652646 258849 660183 292935 27730 601351 485474 68433 187950 742900 590936 797625
797
717348 869989 869807 14609 798103 88550 493819 508128 43307 696437 425668 402511 741274 385222 823543 588999 701772 653527 932543 760754 699138 875760 846048 832193 629371 722106 569432 553664 278809 744856 455773 465272 739694 712407 333954 605301 720449 325833 130353 427067 103017 323589 557405 433961 888396 982122 963856 662638 839236 580666 791295 860564 262082 777432 820480 666465 940874 784370 583293 70095 976185 896491 807460 109974 868871 399035 528082 442430 935221 661572 601661 612218 742147 147463 780894 312999 465495 510150 213964 4488 606400 101527 781506 747585 287651 350758 214612 775998 21572 79771 690830 969999 134539 342022 912059 406953 710384 239818 644287 403442 824130 619072 668534 345092 58017 530070 820440 650583 617837 38415 965234 4411 264990 989358 297912 379677 374955 236030 573415 928998 402584 261861 920241 57350 408055 674435 899812 601117 635771 411419 127647 432230 53110 292175 225681 469642 355146 850171 26312 445997 58343 945733 126867 347491 158252 630630 601572 899815 11654 907409 131406 982192 610633 928275 520081 30259 277218 981045 739684 738215 38447 250266 821081 894916 296511 469135 475870 287133 241130 522472 918397 496735 939895 339931 360987 739423 24636 710655 107276 915004 588333 246159 242022 502367 158550 116026 977692 409382 893074 265465 892613 354705 135102 859372 454423 854929 917277 961739 399542 832634 739156 54247 701772 243499 576056 248732 920716 883229 441498 41380 477093 700207 695373 302970 174719 607879 582328 648740 973349 533726 830490 759028 248274 466732 749407 254436 56214 637067 893741 482423 594338 891884 482145 743503 261728 120523 129299 718906 200236 151202 832875 832733 798747 232156 930375 568555 352817 865126 312835 514113 454249 179589 445258 663054 571866 783086 949251 562072 239828 98433 980044 902985 904912 395370 645474 963714 444089 90967 696682 908666 896048 95499 575717 990802 875308 169062 173666 71433 402996 846943 986327 710356 280261 61026 708611 825107 704120 310492 58120 284618 574418 908786 1894 712466 256910 511273 901943 379836 802249 468897 574718 93729 373243 98602 259580 409321 896220 820441 425148 700638 203760 7832 968757 812566 719842 288956 519380 708819 255010 279322 984854 260312 896271 11635 916151 404239 343058 480980 806716 775584 745460 256642 295519 769505 759885 416357 96746 798496 424069 821045 530669 567225 503921 487474 322427 965176 169939 81687 233047 202981 549047 963673 629618 399390 768661 451413 779006 842698 609267 802308 382900 915442 813625 533826 969912 533683 341163 428464 362429 581469 118539 480504 259645 985158 842563 957892 187463 921786 926900 174222 853377 28574 458316 21123 210310 92081 3352 513563 184066 118148 398695 801778 866654 765443 775261 160649 952813 407292 922640 433259 404512 105883 729729 124270 947424 228726 692869 397604 874402 109814 94285 540813 815444 670303 14677 977007 850787 575086 86591 242585 128111 868023 395842 756332 661177 99803 406156 323402 332686 410701 703863 367212 806805 754576 290476 373316 520779 312390 592694 546547 656841 192548 62392 878135 264166 621068 389990 572832 239226 432157 857354 124101 896638 924721 18394 304166 28931 528686 675435 340770 672658 795863 588871 569812 615000 61916 449877 807613 912526 212833 87240 56444 279862 800841 615114 445341 95101 25499 824023 134318 915541 523279 146392 184652 534727 168567 83056 220253 398301 610659 275779 921818 95619 285497 897791 968191 789996 749316 698127 900330 145411 907548 370562 759427 20818 386682 564074 281483 288832 341491 774819 439840 781811 967327 866332 222609 567442 328564 564559 903869 621802 630977 636352 764796 811258 421121 346486 69362 735984 210962 922935 168611 143578 540437 43267 580679 483001 453845 122319 125093 490182 463280 197743 716016 175633 637204 708372 867130 136912 546684 677609 766693 693473 114105 270492 854141 352957 998174 586495 395772 381877 412794 419080 351836 121730 37412 998547 288267 205298 968899 98334 939417 185629 754525 593537 425062 772082 820935 654166 838753 189958 605318 312253 982192 996727 984251 951290 178640 49761 535786 997507 181652 841338 765349 352592 547651 8722 856054 598397 687794 915088 665038 728180 298633 252200 448931 273468 967422 551943 481420 892985 823221 39336 237833 992845 310875 97199 938939 174720 639415 353593 563868 782252 375461 212814 361228 655101 670231 799101 123404 201771 688718 754062 978909 266887 840180 439249 205520 449709 657398 328868 782933 58946 985788 80117 758405 349106 484041 46466 238460 836240 667701 311487 241099 386604 9235 740980 262990 323162 660536 87022 723787 401250 416162 810410 338776 5934 804075 170480 586740 869218 884376 806138 868217 853488 23033 8644 475503 596535 753790 441060 532883 386390 442752 466370 306783 6313 15224 960261 504566 577778 841281 533287 992508 797763 722715 817075 523809 532213 152711 122670 105056 494467 959652 284590 86711 987495 755666 345738 532672 462197 24400 209288 528207 580734 49638 462546 495946 668694 663729 120609 848452 129950 679958 990141 857285 987899 363891 679451 879551 925300 93636 81013 828979 89233 537848 759200 156390 226331 380273 627742 18377 445742 370355 458873 371333 706587 941953 664273 296938 152023 403811 884344 729198 147439 20454 583731 521213 974034 895672 873824 873924 952491 798455 689866 116428 13777 160275 99015 76930 588835 344079 173142 138360 538141 355789 888049 229915 825733 202667 937027 699340 750139 946877 783865 520160 782569 332584 370497 52063 965372 506408 454284 851554 712009 543143 848696
28
5390 6593 465 2713 282 4331 5944 2151 2448 3379 6616 2174 2834 6166 4654 4137 4257 9898 6431 411 6327 2283 3492 1771 8062 5177 5499 9871
33
4766 1642 255 2056 4484 7216 8087 621 3816 1763 5252 6213 1757 8772 8450 5909 83 9884 5422 3757 6334 6933 4333 7836 5186 5786 968 9063 6648 1228 366 8240 13442
31
7915 7347 8965 7448 4189 7934 5788 8851 2860 4484 1452 1927 7857 8191 8298 3293 592 7212 204 8109 1252 2523 4797 3977 8696 5023 8063 3361 7632 2384 5692
49
5116 6501 4657 2071 5546 2696 8650 7981 9051 1009 7730 5368 4407 345 4551 9589 8129 2163 4387 3296 2350 2581 5406 594 6980 9195 6560 6204 9959 4130 8298 3650 452 3827 6357 2682 8875 8671 9876 9999 4045 8736 6591 3229 492 9923 4097 5065 833
69
639 8061 6649 9158 640 1986 8080 2360 8815 1645 1393 3605 3811 3612 4357 9765 3601 9815 4587 4166 9962 9986 5483 3066 3300 5580 9082 7031 5837 316 7387 3213 9912 9273 3762 5508 885 1764 6578 4978 1594 6066 4150 4286 504 2608 9517 9489 1541 6609 1432 870 4542 5080 5742 1509 5403 392 405 1739 9913 1166 8518 7215 35 4222 172 2295 11326
47
9739 6870 3277 9944 3569 9551 6352 2209 6075 7997 2584 7491 8072 7277 2338 1820 6772 4673 8856 3331 9240 9747 3695 1077 5937 122 7290 7548 9045 3676 7393 1494 4858 3029 2397 6491 3619 366 8309 773 6770 4796 4368 3022 4107 9552 13266
79
1746 3991 8431 2908 5698 4414 60 9760 7505 8033 1540 7983 9425 5323 2586 2507 3089 3086 4108 1919 1829 831 7071 3021 4145 6214 8212 496 1095 1381 3243 156 6665 2914 6971 2721 7506 9534 4444 9727 508 9676 9968 1553 5356 4425 5738 9797 6338 483 3907 8238 5282 3902 1536 7352 4827 1781 7707 5370 3153 613 6302 1366 6183 4851 8953 9800 8147 7160 1278 6195 1904 458 1793 8631 3159 766 13308
34
6082 1442 4782 9546 3050 4660 6465 8994 5627 3863 5601 6071 5704 2368 8340 6942 5856 6824 3955 1319 3577 6421 1575 3778 656 130 943 2476 5731 6948 205 3628 1621 11766
82
4267 5431 7717 3047 3814 9634 6273 7695 5331 3121 5889 2606 1520 3130 1614 2051 4088 8548 8443 7819 9281 325 1169 45 1844 9287 9680 6522 5812 9338 9919 7638 1187 2732 3109 2715 5618 4085 6321 3878 6834 9364 4017 3139 1025 1302 2844 7291 3331 3928 7558 549 1258 748 3849 2269 3579 6264 4665 6699 8187 6297 2072 6442 5250 4166 388 1660 9000 7645 1492 4180 4541 5863 1918 809 1512 8215 3004 3199 3792 9778
86
9677 526 2556 8881 6978 7960 9807 6584 1848 8186 406 8118 1992 9615 3053 7293 2180 1688 2331 5514 8160 9767 7064 9349 8617 5586 4619 7346 4274 7118 2771 9314 1261 4476 2273 3789 7751 5354 344 1649 9766 4531 8830 1979 2162 1868 3364 561 4261 65 4952 2599 9803 818 549 790 2280 9344 5427 5291 8994 3500 3420 2969 5415 5149 4150 2182 984 7295 6324 9298 8153 4906 4319 6321 7499 5397 7388 5024 1633 1350 8129 1710 1802 3920
37
7011 98 33 7995 2252 1388 217 2068 3708 2993 6940 1059 8353 4995 5001 5840 4019 9481 9506 389 5466 3094 4065 4667 6409 3013 3341 1829 9646 2431 9205 8760 8475 858 2939 6449 8839
86
2977 4203 5253 2706 8164 5387 5837 7154 488 8269 5398 5502 9396 6799 7829 2654 1710 8352 5766 3299 7884 3829 5775 9079 5737 1498 3679 9803 569 8824 9698 2552 6725 3599 6860 2456 6882 9263 6756 7235 6352 6885 8507 7407 913 9284 5088 4733 6374 1724 5609 7671 7967 2877 2953 1817 8531 1558 3694 7985 2995 8409 7195 3790 8819 8993 2566 6538 3734 7192 3719 6296 2114 5721 243 8034 8620 9659 5176 5452 2797 8386 7855 6602 7237 9153
92
8493 4964 2032 4716 8427 179 1934 6712 9671 5956 4987 4821 6018 8193 3303 8608 9502 8702 9987 7360 3607 1666 7131 4007 6028 9597 8620 8211 1785 9996 386 6267 5212 6826 6431 4592 2959 1060 1407 1035 5280 1243 2532 7524 6896 1983 9626 9973 5252 3202 8537 1127 4947 9105 3577 1239 6681 8848 8956 1457 1609 815 7898 3846 8985 3441 4076 950 7344 5030 3124 9270 6058 9199 6363 4380 4621 6049 5315 8445 7555 1819 3068 3929 3601 5223 5037 2718 3752 2830 9796 12609
29
2597 4990 5451 7953 4664 5882 2437 7965 422 4615 6069 1475 4859 7519 8193 6534 4487 6084 2968 4152 7380 8109 9027 2627 6026 8941 5092 7153 2564
21
3819 5089 2688 8111 8149 3 1678 6870 6877 7314 7172 7760 8065 6922 1813 4594 4361 2581 8425 2824 1393
75
7550 9188 8318 5754 370 971 7181 2236 5129 2322 9180 7885 3639 6415 4883 9484 2787 4212 4750 4504 7977 971 8170 7323 4346 7613 985 291 8487 5819 8618 1357 7198 9415 591 5336 342 7917 1796 2195 6406 6639 3809 5027 3560 1080 5894 6624 3333 1871 1373 6160 9054 1738 7627 2055 9946 9286 6791 2237 7784 1257 4328 6569 5097 8998 2671 5862 1047 8988 1502 1567 8569 2920 280
90
6730 5127 6217 5901 3957 6211 2130 1761 4148 8832 9931 4039 4149 3947 9018 2777 6420 9360 5092 3023 732 386 9289 6277 4094 5350 78 7014 8678 2523 5759 1290 4021 8225 277 2809 7730 5364 9402 8064 3655 7593 6507 7637 1229 9452 2948 8214 188 4446 6259 1033 9641 8135 3814 1089 6242 4774 8353 9952 4047 6183 3549 3603 97 2273 5254 9704 8375 1900 3744 7183 2361 9620 6321 3924 9786 1810 2382 285 7500 5314 9712 410 3051 9588 6414 4707 5975 14769
40
3675 2105 5019 8679 9903 9370 5410 5768 1225 2948 1469 9822 6028 8051 7799 3235 3801 1017 9925 2900 5991 2478 8190 5714 2370 9376 5294 642 3652 7810 1815 9541 2515 7840 5041 4258 9173 2620 156 159
16
6640 8915 2879 676 9295 8639 2506 3786 6650 7185 3287 8015 9844 170 3372 4455
98
9617 9515 127 1579 5772 7135 3228 6614 7872 7517 381 2020 1166 7015 8071 784 5957 2010 4595 4313 6021 6458 8624 8131 7532 9333 2345 4237 1002 4324 5107 9265 7172 1684 4288 5412 4622 789 2633 6526 3521 5897 1590 1833 1100 1970 6215 5051 9798 1033 6284 5274 3494 1779 3060 3729 8711 4849 4133 6901 5534 671 4773 4030 5695 350 5255 5541 5886 8430 179 6479 4089 5599 9518 8554 1087 8211 5755 5537 9072 9987 6165 7969 7667 1331 9476 4250 8889 767 3292 7739 6517 7270 5038 5668 1071 15208
100
3222 7025 3683 4562 5971 3139 2100 1920 315 2409 4149 9073 6945 6207 7115 4823 567 2418 8676 5623 8704 2667 7321 247 6465 8732 9517 9976 4589 8279 8561 8062 6316 8636 1956 9588 8954 1606 9345 8201 5027 4526 5660 6669 6612 3143 2688 850 6607 5299 4797 4131 4028 7122 5740 1880 3930 3519 4251 8803 2714 7263 7344 1623 5449 5720 4853 6464 5583 1569 2168 122 9506 5738 9425 1092 2936 9955 6452 304 1470 7360 7145 1839 1643 5837 1315 1851 3876 3292 7649 1251 755 9031 5748 4312 1374 8465 2281 15854
88
758 853 5732 7020 8479 1626 2534 1879 6049 6304 4969 4819 5458 970 6130 7334 4878 3236 5246 9372 2858 4010 293 9121 3758 8281 1912 6444 7476 489 3887 6894 2047 2385 151 6824 9395 6315 4699 3677 3066 7841 4561 5704 8846 830 2664 9211 1331 6474 2335 93 3613 2660 7581 8442 5207 8544 5052 6511 5311 2163 5974 1228 3729 3711 5317 2045 7023 2676 2024 7786 8431 7905 6352 2890 2060 9184 3662 2119 1545 6380 440 5189 1527 5603 566 5718
29
2958 1887 9725 5894 7901 2182 1187 3877 8403 8900 4862 8257 3344 5272 743 1197 623 1938 4375 4189 153 5018 5433 8032 3822 4429 6189 3955 6541
90
4845 4663 3095 2703 5964 9195 4108 8865 9566 2914 9928 9176 8667 5778 8890 5174 9552 9087 8051 7967 7617 8190 5722 1285 6846 494 4080 8385 1432 113 5171 172 3375 200 7234 7076 923 6466 6095 8294 3422 3357 7169 9984 387 4319 881 2862 8239 88 3989 4414 5726 6221 3988 4735 5949 624 2177 7315 8459 246 3814 3226 7357 7293 7535 5929 8172 8006 8975 9789 323 6206 1571 7265 4298 6427 1952 6929 2780 3221 6535 9510 9664 4759 2841 5230 2913 4791
86
638 69 9934 8821 1425 7789 1762 6783 8653 1837 9564 7706 1473 7724 4844 7382 1352 9411 3966 66 9687 5572 4915 8888 9394 6592 9762 8334 4449 9296 4351 8394 6498 7079 1548 6595 4575 9987 3957 3114 9316 5435 6972 3868 753 6163 4974 8156 403 4786 4552 7386 1162 7909 9601 8889 1613 5385 5308 8298 6840 9717 6120 7742 9198 1104 8126 5458 553 290 7247 5224 4379 1273 8336 4919 429 7515 9136 9325 2845 2036 7225 2981 3232 7531
35
2165 9612 2872 2419 3136 702 4181 7772 8 5264 2077 6183 9373 5807 3968 424 1795 1003 9918 3666 7623 2914 2453 9088 6722 227 6217 1118 2346 1564 7764 7621 9607 6743 12936
19
9432 8514 3928 8485 4997 6572 3601 4972 3563 7477 1718 2537 5826 9232 793 7930 2820 5454 4681
35
9501 9702 5275 1759 1892 5063 5484 3773 3800 9083 2480 2768 2900 4166 7513 599 4320 3981 3489 4073 9254 2630 3375 4440 3126 4746 56 6486 5407 7045 2879 7431 3839 4119 6584
3
5206 7680 2646
68
5949 5752 2540 9393 6928 9547 4148 4186 2363 4242 1475 6748 8160 9909 7998 6681 4442 7314 8762 3733 5155 554 8826 5878 4200 1485 564 6780 185 1917 3649 5762 6689 1369 8980 4261 8391 2372 1023 3694 3521 6316 3086 6768 937 304 614 859 8883 5322 1953 4673 1937 7802 6881 1837 2093 9250 5581 5581 6529 8886 1564 4119 2650 9294 8402 6470
84
3461 2930 69 5278 2485 2028 4300 8057 1251 2867 1800 5268 699 2051 1397 1098 8244 1693 9172 7267 1895 6924 3590 4754 4744 1156 4555 9697 94 1743 5143 5193 6188 5103 9394 299 3980 8993 1411 5002 5758 3432 1707 1523 4562 365 1257 1185 4178 1276 156 6438 9383 6101 8105 3292 6884 9335 9515 4092 6642 3236 1574 9842 5539 4998 7908 7564 6668 1321 5336 992 54 1985 9243 8995 8706 6239 1912 9743 4241 8198 8417 12242
20
6151 3431 5219 3289 3447 6299 443 9051 4631 8043 4608 1386 7330 677 8027 9038 9996 6075 2434 15335
44
9020 5866 6418 2656 9166 698 5928 3940 6472 9530 9457 4496 6025 6403 5820 7117 4279 7912 1298 2683 2616 6809 1140 8386 9715 7889 588 3872 8850 5123 5975 2109 9788 9085 3886 253 1942 5441 7687 3389 9129 2052 8 7994
83
6061 9695 273 8674 9406 8968 5103 4010 6973 4134 398 2782 2266 8213 4325 1782 6226 1608 9182 1188 9112 3447 3784 1263 7471 6362 8507 9457 2264 8830 1576 3434 1474 8115 4043 3888 4236 1639 7030 7209 6017 933 8650 9479 4681 6773 6174 4928 5831 3387 1290 6462 1011 2806 1323 8180 8738 7403 1350 5327 3872 2599 6517 4026 6406 7884 7574 3434 5715 1853 3769 9023 2524 848 6797 7527 83 632 975 6626 3564 7850 9041
19
9010 7017 3277 7569 9735 3280 31 8711 3925 918 4443 5033 195 2350 3352 4905 2462 7621 11390
48
4552 9777 5148 3696 9101 9300 1751 454 6463 5524 3880 1386 700 4062 7853 2765 9881 7770 3178 5887 1492 7475 6258 4930 9232 1690 6282 2213 8131 2070 9407 3690 2919 1721 6860 9168 3263 2763 3879 6239 6967 918 1716 4514 3525 2579 5896 6140
94
9178 5189 3185 8364 7976 215 8081 8645 7259 4165 6641 6087 405 2646 9675 6435 9058 5488 7936 535 4602 4254 2512 3756 6892 4086 1889 1098 3862 1410 1159 1657 5537 9139 2670 1467 7396 1072 1807 7424 9019 6348 9184 8139 9882 9945 513 2198 7730 6752 1715 2718 6551 8801 4880 7010 505 8311 3967 5375 8785 4758 5373 6893 2075 7484 8803 6602 6283 8694 1865 8792 7555 4990 6525 681 9829 7541 7117 5518 9913 5152 4543 7697 9962 4838 286 1343 6639 8923 7102 8648 2994 8424
87
71 9796 1777 3505 8136 2567 4580 1241 4555 7893 1897 5972 2777 8749 6097 5733 1339 8295 2601 7358 1100 1541 5542 6347 2624 8030 2467 3521 7595 8027 5081 7038 1892 1213 1682 8756 3106 7719 1467 8122 567 5047 918 2195 6296 1918 3271 4884 2314 1231 2942 5137 7621 5912 2392 2588 4095 4598 2548 4547 4357 627 2445 2347 3473 1753 4741 8616 4548 6149 5092 966 5023 5118 6223 2290 9705 4165 4327 7977 3615 4359 8569 1410 2794 2681 14152
51
6373 9928 2023 3717 9637 2886 2175 4620 213 5155 2453 6946 4542 6579 186 7510 6294 591 6682 8630 5920 3522 2771 216 7664 974 9280 2626 1967 3813 5832 1966 677 9682 9039 8588 5303 9402 3847 6836 4626 1112 5361 7790 2035 5842 9016 9304 7978 272 7511
13
9259 8480 6853 9626 9113 8405 8533 9847 7668 4233 3565 797 15799
3
4770 6611 6183
66
2168 2264 9746 6409 3230 7259 8962 8516 3234 6692 552 5809 2722 5055 6043 762 2915 1590 2563 9689 1856 1991 4222 8540 8306 9512 618 8715 9559 7110 4413 8965 5823 2120 4191 7638 5383 550 5753 8247 7017 3231 8161 9582 8029 9935 3213 3583 3600 9555 6198 2978 9423 199 8354 6095 2666 2851 4692 7637 2222 6773 4636 9377 7396 6576
54
3555 6587 661 1488 6556 8730 7792 1051 216 1825 949 8448 2983 2893 6519 6167 8428 8294 4542 1765 9733 1706 4593 2544 750 4668 3955 4173 3421 2534 2000 6578 2720 429 2513 6525 5618 9387 2858 5730 4117 6795 2404 4194 5286 7060 9405 7731 7919 7762 4603 2146 7116 5347
100
5115 5980 793 6240 2914 3360 4971 4287 866 2112 1092 9451 6938 624 7742 3176 5500 2147 3037 5407 9331 1931 9620 3587 8058 2522 7642 7674 9159 1340 6006 5245 9037 2409 9476 4651 6993 8923 1891 68 9410 4329 7164 7250 9709 8893 6706 4180 5252 4238 8862 2182 6387 5424 7271 8665 8 5678 4824 3149 7648 5561 2339 5290 5164 6843 9953 8347 6861 7852 491 5035 5185 9389 1127 2420 5880 6759 1449 753 9533 8142 9608 7960 277 6343 2608 66 531 8132 2528 9997 9747 9567 2348 8417 3973 1994 8091 10618
70
6680 9399 5033 8975 1759 3535 2224 9283 6089 6362 1607 5661 1532 2876 4206 5823 570 9614 1168 1639 9822 124 5978 2977 7065 8228 7363 9190 2363 5091 6829 188 5104 7377 1971 1591 2445 8987 8044 6701 3333 1183 1682 9646 2909 7766 9321 1546 8985 4146 277 3739 8749 1995 6662 7557 5015 653 2265 9973 840 9094 264 3547 1684 7185 4441 8785 896 9487
78
4 2398 5721 9754 603 7414 3242 7855 6179 1809 3021 2016 5689 7501 5382 1559 9141 2427 955 3813 4378 4587 4096 3677 8000 9346 3177 7508 6308 4451 8864 1151 11 6085 3430 5790 2583 1465 9238 4331 9362 6364 2150 8288 9069 5014 8407 6962 5488 8664 9242 6489 2111 1198 867 6976 4305 2148 6781 76 4090 2590 2887 5652 9339 9368 3693 8225 7774 1534 2619 6069 9363 8052 1649 877 3875 13328
58
2382 8921 2624 2041 7692 3772 1050 7324 4302 5957 4405 31 803 7542 5812 1989 6340 4471 7510 1123 5531 956 6406 5477 7583 23 4798 7524 3227 4946 4603 2217 8574 98 4449 7946 5871 3035 4505 4075 2580 4757 4928 20 5293 9049 664 7406 6864 251 2373 3886 2945 6024 8814 8879 442 9922
77
4823 4039 6071 6530 8242 3892 4888 8090 6002 3381 3413 7975 5962 8706 5991 6371 3100 5820 1216 8780 5972 812 2840 675 5530 7479 4127 3202 7938 6014 5238 1030 8096 935 2492 7969 6663 3701 7047 5315 656 2040 87 4459 3505 9978 7387 9541 5054 6505 1192 8546 9224 3971 5675 284 7496 1302 311 8818 4725 6710 8323 4187 3797 7394 7738 7780 2436 5172 6513 3309 1097 2451 2590 6477 8726
14
3769 7641 113 1595 7903 3530 3866 4679 3655 5046 5222 7015 8045 6724
28
2600 9483 7795 9328 7927 1755 1461 5832 568 6038 5997 9698 88 2651 7009 7177 2599 6194 7017 7861 3436 9317 3509 1840 6963 8956 7354 9483
95
4745 6434 2062 8507 9433 8735 5475 9387 415 5915 5106 4377 5145 3269 623 3224 7262 8977 7691 6775 6838 637 3710 5143 7819 9762 7123 3776 3536 7194 4455 3879 2090 3538 5691 9086 5203 2427 4976 9022 7588 7436 878 6488 2969 3115 5084 2638 7857 9741 1329 2992 4219 4305 457 2310 5497 3229 4858 3660 548 6537 1955 8067 6524 7548 7816 5279 4031 8840 431 1657 335 4652 9461 5350 9140 4275 1382 5186 9095 9091 9628 2383 2272 8396 7766 3607 5115 9909 7917 6925 8812 6313 5859
69
5574 4088 2678 7816 6943 1121 4631 6820 151 1623 2605 2624 8823 484 7151 6644 3618 4421 7114 4705 1628 1248 9346 8326 9357 6058 8591 7166 9042 3230 3663 4522 6642 3762 2464 8341 7281 6031 4925 3262 7797 1494 1409 6963 7925 2389 9006 1646 2946 7694 3232 1025 8900 628 4701 9867 4962 7136 4965 4339 7570 9108 6754 7906 5958 630 9005 8283 9285
93
943 5701 2728 4505 1540 7422 4742 8675 1639 8664 2837 3197 6928 5031 2745 6657 65 6766 8941 4726 7772 6817 5801 8933 5264 886 1896 8114 1962 2229 5369 965 4798 8275 5983 1358 1598 1115 5842 102 5363 1529 6860 7692 2372 3985 3254 4690 9649 3479 6521 6676 3828 8937 2839 8773 8525 9884 9200 3263 8855 2841 640 1744 2885 6068 7873 7541 8315 9900 3442 1950 7869 6094 1114 9371 1076 1828 5600 5 6865 7229 7449 1615 1203 5674 5692 4326 3576 8739 9631 2721 9521
44
2209 9568 9253 6336 6559 1796 537 767 445 1807 2683 1582 8735 2444 3260 6589 327 9701 3697 8564 2472 7237 1233 16 7443 6347 2473 6371 7987 2510 6334 2858 3884 3247 7555 7507 587 3723 3457 7284 2729 2313 6229 13775
6
3607 4454 159 330 9596 15320
48
9208 2467 5856 5084 7780 7531 8002 4351 6288 7797 5948 8515 7221 5004 209 4356 5943 479 4956 5735 6019 4471 3452 2430 3116 688 1048 8007 6905 2267 897 4325 5498 1265 3491 5991 7902 2655 2469 9220 886 2086 277 9829 6784 6860 5160 7033
15
3306 2824 5429 9188 2494 4989 7622 1098 107 2966 9263 2458 9645 4083 2764
53
2355 766 268 2501 3688 6784 1556 4603 2656 54 9157 6473 3253 4461 3310 3692 7366 5881 8666 8522 192 5154 7693 7255 7148 6488 1040 8465 6244 8410 3269 4287 7517 4166 2078 7591 6033 4733 7178 8015 5204 6477 2056 3450 3408 5130 1363 2499 3747 1446 5577 5788 15135
84
8936 8895 3606 8907 8150 8897 570 9432 6232 422 7497 1327 488 1586 4876 3958 459 6151 4470 5085 5943 7647 7656 7048 1094 4095 1144 6220 4915 9706 5895 8918 5904 9861 5697 9837 706 1118 7549 5 7958 2256 934 2155 5343 7231 9602 6448 2332 1784 4549 5619 5213 5307 4276 9498 2323 1117 5921 4106 769 1984 5430 775 8964 7619 1052 1534 9549 5705 2184 8177 9613 8076 9700 1257 7158 7081 6274 3586 7491 647 2445 15076
51
5906 7740 1478 1167 6089 1313 56 5703 3839 2386 934 7456 8590 9153 1821 9918 3028 2505 5266 5013 839 8839 9469 896 7950 7205 7272 5383 9438 3842 9949 3717 6615 3955 3240 2453 186 5652 8694 1220 1833 8384 3742 3347 829 1601 5178 4071 5718 8974 5064
97
9339 322 6311 4818 382 2808 915 3993 7382 6693 5434 3126 3714 6328 8387 8035 3410 6402 812 878 6517 7952 9852 7245 6876 9706 2179 2304 5520 4235 7300 8854 6638 2287 383 4553 7253 505 4543 6977 333 4614 5026 7513 9236 5494 4624 6404 3117 9854 9310 8561 7136 4575 6795 6695 9407 331 2359 3094 6239 3876 9075 2526 3876 2988 2674 5104 5325 7935 2524 873 2352 720 4888 7937 6381 3544 9511 8539 738 7413 5555 1037 317 7973 3431 2344 1444 1279 7807 6211 1688 5202 9692 2497 7011
61
225 5495 2315 4673 4388 3347 5413 1479 6142 8994 2047 5114 3824 7981 5285 7755 2021 2835 3102 7815 5169 9701 6042 9295 6818 4702 9206 9859 2084 8280 7489 6356 6022 5439 3694 2938 132 6293 335 5516 1799 1325 6757 9573 1168 7772 1119 8382 6800 9659 2498 3641 71 3244 4407 6192 9069 6384 1496 7031 5701
70
4939 8856 1605 183 1753 8799 7944 6752 3107 9215 808 4111 55 2594 3680 5182 3782 3352 7817 8203 3385 5349 5601 7437 4435 5694 5471 1141 177 6551 4694 5047 9705 1334 362 4605 5206 1720 6369 591 5418 2668 444 3782 7436 398 2823 4932 4059 5498 627 8454 60 4970 9343 6647 820 755 3692 9523 7863 2793 7367 4120 852 1638 7066 9990 9170 2081
21
6363 7935 291 4554 7448 677 4549 2400 9648 5271 3529 1104 5368 8618 1615 2202 6272 8648 3352 5613 13137
41
745 8530 6492 4885 7294 8332 7407 2246 7501 8026 3685 5947 6382 4061 4160 360 7803 760 8669 48 6610 7778 9148 3973 4283 33 9840 7210 6550 2752 9906 9907 2091 4907 6943 5635 9475 162 1372 5694 5076
16
4929 593 9826 7660 711 6209 3287 8331 2567 705 6879 1148 5894 4600 1192 2697
37
5851 4800 6789 1359 7761 6348 9844 6919 3832 2193 4528 1564 5972 9738 4819 5778 815 4790 954 8910 9401 787 1631 6510 6178 4451 3507 2996 9715 689 7978 4970 2418 9344 2190 3351 188
64
9932 8905 8733 7340 2325 9492 2508 2755 1393 9024 4368 2035 1399 4401 7727 4391 7317 3328 4164 1935 1959 8235 3185 6127 6885 4360 4895 8236 7897 887 5051 8474 5032 51 2520 6972 1676 4606 8481 2813 823 3380 747 5068 5764 4745 2624 3761 4646 970 4367 3100 1818 576 1142 4996 5866 9305 6969 9887 6289 7991 8337 2721
22
7907 6846 5501 6749 828 8748 3450 431 9776 6687 3327 1240 7082 9039 4099 1369 2992 3326 544 3610 9748 2798
85
4699 2217 8842 4247 4329 7725 2060 3869 9533 3457 4329 2912 1337 7214 3740 9881 8865 880 9815 3699 4938 8400 8993 5094 8742 8366 6744 1946 103 6718 1331 5472 6587 9222 3898 7152 4010 7067 1738 6594 9904 8845 2446 1923 8715 5233 1592 3511 530 3373 4557 73 2703 8315 7652 2677 4925 6199 5230 3086 7747 8374 8550 1337 3988 7235 2155 5407 9832 1030 8604 6573 4090 1859 3556 9486 1496 1641 178 2276 7749 997 848 9426 1546
87
9714 2335 4376 89 324 5894 8392 2700 8890 8443 8906 2121 6899 9790 7343 8651 1970 1604 3396 9425 3347 1217 2025 8372 1877 3646 7154 565 8093 1450 7193 2420 8558 6143 5086 5811 8324 4747 8599 6993 9301 7209 9233 4854 8273 3330 3507 5850 3326 6509 8598 5905 1107 2273 3869 7042 5345 3309 1917 2614 4696 2590 4316 6429 6153 2251 9688 3564 5583 1842 7659 9153 8452 2310 6681 9444 3723 3857 4206 9187 5578 9709 59 189 9236 164 10606
35
4733 5823 2146 7053 8014 2449 2380 3858 2798 3814 4793 8297 6144 2979 873 1090 60 8710 6651 8810 7783 5538 6503 8930 9580 8246 7269 1153 8168 5075 5052 3138 9410 6191 16001
14
125 8558 8952 8317 7824 7955 3052 4278 3619 876 4011 3059 1119 4499
30
1795 2267 7267 5064 2718 6024 8274 793 5417 9763 5696 9950 9372 1547 8273 5382 4967 1551 473 6650 7570 1077 164 1363 1138 410 8515 537 3821 4926
57
6869 8404 5536 1282 5463 653 3292 788 7657 7895 1891 3246 991 4137 8117 2124 3694 5394 4187 7770 4396 2195 7511 3762 8522 5854 1673 3215 1326 2383 1759 9886 8636 5769 9929 9966 10 6058 7995 5733 3417 9705 8713 7727 7996 3155 550 7379 6904 7634 1749 9100 2140 9439 9952 4056 4
36
8874 8464 1547 5756 1611 2694 8004 8468 7972 7350 6047 9639 8887 9218 5621 6941 6720 4431 4461 3514 1944 5267 347 4023 5218 5880 6497 9853 6571 5801 3113 9376 6259 228 5443 1345
40
2440 650 9499 4605 5132 1829 1561 4947 6190 1568 4030 8248 3398 1155 1572 7173 9483 4406 205 5666 1710 8543 1975 7352 9707 4408 6581 9877 6666 5781 4783 1334 5611 2355 9112 6570 906 8305 3138 7265
13
7371 6936 950 8356 4842 2131 6461 4933 8726 706 9148 9778 4442
43
5526 1097 1639 9475 7374 2826 6875 4922 183 3528 4839 6228 3723 2633 6994 7950 4383 4609 3004 2200 6571 8268 2637 771 1547 1681 5418 5925 5923 598 8684 292 5433 1137 497 8253 8545 4122 7745 3444 8104 3863 7009
3
3611 8975 11540
48
8011 7134 4202 5660 8298 942 9201 7254 2392 4224 2985 8797 9527 7026 3379 6055 5253 3638 2439 7231 9399 3311 3440 576 665 9490 3131 788 4335 152 7485 5424 8450 1189 2097 4351 3572 6702 8482 5042 2226 9896 23 142 2994 356 1259 3408
18
1354 4745 3721 4896 2900 2814 2090 3633 394 1848 1023 6873 3533 4244 6200 461 9742 4453
65
1607 69 5718 6788 6905 875 6140 3017 2771 7462 3837 3386 5185 5525 9622 3752 7326 3622 2202 661 497 4830 3785 7787 3178 2442 309 1666 9187 1874 2125 3704 7436 914 6413 9680 40 6213 6820 1893 4443 8904 485 4903 3156 339 7500 652 450 2326 5891 1530 7473 1179 3800 4071 2668 8944 4936 5534 7444 5379 5484 1356 11002
64
3200 8008 9799 2130 6561 7987 3806 6216 5649 3296 9820 5642 9314 4518 5476 8304 5471 2336 3379 7962 5260 9262 4017 1511 6597 8663 8390 9356 6795 9119 6066 2143 4736 8509 7419 3349 5760 192 2628 4417 7425 9805 491 2161 7858 3198 3509 5905 7931 2504 3650 8212 8407 8178 4004 2982 4536 9760 2375 1592 2693 1508 9589 11444
87
8297 4707 7998 521 1853 454 1495 6481 5399 3695 2933 3334 2755 4262 8616 8459 1484 3515 2516 6340 8786 8117 805 1942 8820 7322 8979 7625 9071 9452 8275 5343 2598 3625 7623 271 3057 5697 2839 6479 1929 5436 3946 6436 6926 8316 8355 9208 2265 6890 8849 9806 403 4390 3617 8814 8269 4257 4366 8224 8196 9259 8928 1026 1870 9301 5535 5825 3796 5535 769 556 145 7047 7648 1703 2547 2806 3854 8465 9850 5576 9113 3631 8188 2713 8040
8
6080 3866 4269 3434 1926 2293 7795 5149
