100
5
1 2 3 4 5
3
3 5 6
2
5 6
2
5 5
15
395411 429150 553902 598495 823320 252761 874216 269017 395362 404831 262347 635349 54281 245680 601686
15
75370 710799 469669 220281 814684 545926 560144 147316 45988 456041 516525 905125 880413 420180 530469
7
98120 588313 970711 555879 453122 255380 129251
5
271416 758084 774413 677307 273734
3
915897 242597 971895
7
928454 793623 38164 408125 352544 610220 259845
12
336547 66028 259042 980699 480853 114958 883362 392554 745954 70127 701767 521135
3
405709 744921 12168
15
341554 657931 454060 404722 461686 804948 387241 473163 438233 132729 908442 84851 733637 794136 622387
12
465178 86814 593512 215528 883095 114058 319919 677376 958099 12207 842682 791728
12
6162 555 8987 7431 8519 2937 7404 664 4573 6036 1318 4864
5
3558 3748 5878 9976 4871
8
4919 7541 3074 4136 161 2412 7844 661
10
4664 430 9276 5332 1235 5810 6005 5597 4468 8899
15
2251 9608 9091 452 9785 3667 8663 7045 9826 574 848 9950 8475 3925 8873
14
2347 825 5332 6645 1113 3250 8819 241 7786 8266 8620 2675 7592 9485
15
28 9240 8519 2152 7075 201 9805 5857 3981 7492 4624 6664 974 1656 798
10
2894 502 345 8830 4583 7354 2807 8418 5378 7125
14
1512 1737 1281 1991 2167 9369 1832 8110 339 1661 496 116 8568 4701
6
6608 4324 6123 3473 3721 5294
14
5021 6541 5943 3072 723 134 4986 3111 5748 550 5976 9407 7859 13609
8
2498 9716 953 3197 5538 5138 9645 6508
3
9240 551 9791
3
5192 2881 7945
14
6336 6447 9141 5733 5912 7373 2123 5833 4216 8831 2690 5107 7499 9204
4
4992 9260 3342 15010
5
3605 72 6413 9331 13091
7
7980 9367 2541 8600 1163 6171 9808
13
7788 9288 9625 7324 1282 4341 7155 7162 7714 1233 3361 8979 8734
11
164 7207 9341 1419 505 6878 5218 7331 2175 7675 15127
3
2132 6494 4362
4
5250 7605 3098 1325
6
3866 781 6935 5046 4305 5223
5
3502 8151 2111 9031 14593
14
4430 2273 6297 5786 1174 5089 4320 356 9415 6881 3248 7327 6469 8224
10
7148 9026 86 3513 6717 5632 361 8690 9080 15007
12
517 1816 7670 6812 3169 5058 4508 328 5233 2154 7534 3189
9
9082 5705 7123 6410 8151 7020 913 5514 9546
3
3179 9004 12103
4
3022 7068 6336 2194
14
660 7204 5913 7284 7411 4570 8999 7398 2614 4904 1516 1740 4460 7039
12
8184 7590 8288 2248 5340 8470 7963 781 1999 2105 7190 8832
15
590 9262 8396 1383 3905 447 5276 4408 8355 9201 7019 9011 3572 6800 9471
11
9301 1602 7101 270 2585 7212 6575 8125 3039 742 8634
5
6890 8435 970 4254 73
3
2586 4006 1468
4
3096 688 2535 8873
6
8237 1792 2186 9295 6033 7289
2
8122 9414
14
8209 4730 8903 7499 5186 8449 1442 9965 9300 7283 3757 7301 9026 4774
13
7115 5789 2769 9449 7113 1978 323 7566 3677 4901 2281 8116 10741
12
6897 4790 8273 9 6412 210 9105 9545 9172 2299 4041 3368
3
9268 1909 9025
7
8438 9361 8471 4718 8331 5458 9806
14
3034 7269 9915 698 7295 8821 8963 4396 840 7838 5073 323 3254 15465
12
6004 5241 8812 5311 7504 4039 333 3552 2359 4301 6067 9645
3
6138 3169 7067
9
7464 3141 169 8880 4942 6934 6390 5914 13504
13
300 7314 4521 3511 9894 6953 2061 9210 6960 1794 6275 9605 14060
13
3692 3156 588 6672 109 8034 1754 6557 4364 4200 8662 359 15353
12
845 2723 7329 6374 7078 9129 1666 6594 4439 1368 9621 9390
10
5827 5665 6132 593 5307 2508 748 9293 2511 10078
10
4258 1191 1802 6568 2891 4459 5881 4564 1834 4905
10
5163 176 2052 7366 3422 58 5780 5356 3756 3123
6
2542 1698 2976 3071 5325 50
12
8399 8371 7422 6711 7154 4497 769 3016 8352 5454 6850 11059
11
3041 3274 3974 5072 5804 7573 4032 7678 9696 7956 14478
8
9983 4932 9823 2713 1046 9344 9899 8000
13
2989 5390 6639 9838 3282 7414 4290 6688 2510 9372 1839 7457 3256
6
105 7615 8214 7589 3638 11859
10
3600 3449 6 665 269 8025 4786 1861 816 9019
13
7490 439 1562 5303 8487 9193 9363 9334 4021 9997 8650 7075 3703
11
6021 5389 8322 8196 6249 2519 9069 8873 4891 2403 3858
4
8606 727 3902 9364
8
4360 6900 4194 1073 7659 9254 1668 8422
3
1230 6689 7919
3
1848 9973 8653
5
5482 9968 5437 2483 12052
9
1993 3866 4758 3762 2245 9544 4860 7322 6634
11
2239 9318 3108 8138 7755 9549 1105 3351 8491 9211 9438
8
1021 7919 3583 3228 5620 8410 7547 13348
8
181 9243 8792 1598 85 4948 2991 6246
12
3396 8683 3654 8347 4916 3855 8345 9077 7373 8651 3289 11386
6
9880 6236 8759 6808 6250 7681
12
9345 5028 150 5852 8303 5025 4221 7427 8988 9411 3176 5224
11
5771 8910 9267 4023 7618 7606 5684 3872 7165 1616 4881
7
9163 4981 7584 1433 8529 8319 3314
13
6391 3277 4053 8265 4789 5209 7711 249 7827 8172 5217 5151 8877
7
8929 2734 5497 7754 3766 6330 7435
3
2412 737 2957
5
1578 6624 7946 2086 2278
3
8221 6249 2651
15
2534 927 6219 1884 1909 7229 4173 6040 1409 557 5179 3689 7009 6678 9540
4
5437 1989 8090 3426
3
4858 6467 3001
11
2837 5938 7290 2898 7705 1228 251 2145 8263 6081 4022
